0,0,0.2200363,0,0,1,0.0284349
0,0,0.2200592,0,0,1,0.058224
0,0,0.2200671,0,0,1,0.0777396
0,0,0.220069,0,0,1,0.09718379
0,0,0.2207034,0,0,1,0.1179789
0,0,0.2209204,0,0,1,0.1379904
0,0,0.2211059,0,0,1,0.1557912
0,0,0.2212986,0,0,1,0.1751631
0,0,0.2214969,0,0,1,0.196443
0,0,0.2217092,0,0,1,0.2173707
0,0,0.2213821,0,0,1,0.2376414
0,0,0.2210131,0,0,1,0.2583777
0,0,0.2206085,0,0,1,0.2790153
0,0,0.2203707,0,0,1,0.2530719
0,0,0.2199194,0,0,1,0.2268561
0,0,0.2195325,0,0,1,0.2056839
0,0,0.2191142,0,0,1,0.1835373
0,0,0.2188332,0,0,1,0.1620252
0,0,0.2185291,0,0,1,0.1423161
0,0,0.2182106,0,0,1,0.1220505
0,0,0.2178549,0,0,1,0.09958471
0,0,0.2175517,0,0,1,0.08056531
0,0,0.2171906,0,0,1,0.05931571
0,0,0.21689,0,0,1,0.04020961
0,0,0.2166082,0,0,1,0.02200981
0,0,0.2163208,0,0,1,0.003066014
0,0,0.1125296,0,0,1,0.0237588
0,0,0.1121047,0,0,1,0.0496368
0,0,0.1065012,0,0,1,0.0726102
0,0,0.1061181,0,0,1,0.093717
0,0.000395298,0.1057384,0,0,1,0.1135965
0,0.00151062,0.1053184,0,0,1,0.1344087
0,0.001945674,0.08936769,0,0,1,0.1540494
0,0.002398133,0.07676053,0,0,1,0.175179
0,0.002854228,0.07522082,0,0,1,0.1972608
0,0.003234625,0.07385325,0,0,1,0.2161164
0,0.003585875,0.07250434,0,0,1,0.2340426
0,0.003993809,0.07074744,0,0,1,0.2558268
0,0.00451684,0.0699591,0,0,1,0.2307891
0,0.006203771,0.06916487,0,0,1,0.2059947
0,0.03637677,0.06823206,0,0,1,0.1836957
0,0.03675878,0.06673956,0,0,1,0.1625226
0,0.03714615,0.06610799,0,0,1,0.1425627
0,0.03757119,0.06546456,0,0,1,0.1220901
0,0.03801775,0.06483465,0,0,1,0.1018569
0,0.03845286,0.06325907,0,0,1,0.08314981
0,0.04404998,0.06212485,0,0,1,0.0634194
0,0.04467148,0.06155252,0,0,1,0.044088
0,0.04518807,0.06099188,0.000282228,0,1,0.0246921
0,0.04571855,0.06045181,0.003479779,0,1,0.005487002
0,0.317506,0,0,0,1,0.029277
0,0.3151063,0,0,0,1,0.0568011
0,0.3132061,0,0,0,1,0.0793371
0,0.3132848,0,0,0,1,0.1003023
0,0.3138011,0,0,0,1,0.1210563
0,0.3131845,0,0,0,1,0.1426344
0,0.3107725,0,0,0,1,0.1632423
0,0.3081861,0,0,0,1,0.1862676
0,0.305922,0,0,0,1,0.2072646
0,0.3032046,0,0,0,1,0.1828173
0,0.3013718,0,0,0,1,0.155574
0,0.3005569,0,0,0,1,0.1346745
0,0.2996823,0,0,0,1,0.114384
0,0.2989833,0,0,0,1,0.09330449
0,0.2983559,0,0,0,1,0.07387589
0,0.2977024,0,0,0,1,0.05401679
0,0.29705,0,0,0,1,0.03455279
0,0.2964173,0,0,0,1,0.01604879
0,0.2694494,0,0,0,1,0.0251346
0,0.2703032,0,0,0,1,0.0501447
0,0.2711217,0,0,0,1,0.0747981
0,0.271767,0,0,0,1,0.0945891
0,0.2722011,0,0,0,1,0.1139928
0,0.2714961,0,0,0,1,0.1328151
0,0.2708113,0,0,0,1,0.1549971
0,0.2714372,0,0,0,1,0.1756794
0,0.2720339,0,0,0,1,0.1957251
0,0.2726286,0,0,0,1,0.2160144
0,0.2731702,0,0,0,1,0.2347383
0,0.2737092,0,0,0,1,0.2536272
0,0.2739051,0,0,0,1,0.2743857
0,0.2731194,0,0.00288254,0,1,0.2956887
0,0.2723591,0,0.007132113,0,1,0.3177231
0,0.2716656,0,0.01150101,0,1,0.3392973
0,0.2713411,0,0.01590109,0,1,0.3600918
0,0.2718492,0,0.02029729,0,1,0.3800649
0,0.2723805,0,0.02520484,0,1,0.4015116
0,0.2728344,0,0.02960509,0,1,0.4201275
0,0.273317,0,0.03458846,0,1,0.4405455
0,0.2739516,0,0.04023069,0,1,0.4162812
0,0.2747118,0,0.04599243,0,1,0.3901647
0,0.2739868,0,0.05065829,0,1,0.3681399
0,0.2731785,0,0.05481291,0,1,0.3478635
0,0.2723049,0,0.05901265,0,1,0.326502
0,0.271461,0,0.06283998,0,1,0.306264
0,0.2706241,0,0.06641692,0,1,0.2866032
0,0.2697785,0,0.06982148,0,1,0.2671428
0,0.268974,0,0.07289416,0,1,0.2489172
0,0.2693067,0,0.07600707,0,1,0.2296995
0,0.2702861,0,0.07897764,0,1,0.2105937
0,0.27033,0,0.08176649,0,1,0.1918968
0,0.268311,0,0.08462572,0,1,0.1718292
0,0.2661738,0,0.08743501,0,1,0.1511265
0,0.2639832,0,0.0900296,0,1,0.1304643
0,0.2643992,0,0.09179854,0,1,0.1096806
0,0.2651128,0,0.09327775,0,1,0.09043078
0,0.26587,0,0.0953784,0,1,0.07073969
0,0.2666035,0,0.09731191,0,1,0.05208779
0,0.2675504,0,0.099181,0,1,0.03290999
0,0.2687196,0,0.1010692,0,1,0.01207439
0,0.294695,0,0,0,1,0.025239
0,0.2913031,0,0,0,1,0.0531423
0,0.2892811,0,0,0,1,0.0728265
0,0.2898313,0,0,0,1,0.0932304
0,0.2907404,0,0,0,1,0.11337
0,0.2916669,0,0,0,1,0.1341621
0,0.2924775,0,0,0,1,0.1526721
0,0.2933831,0,0,0,1,0.1738275
0,0.2943268,0,0,0,1,0.1963926
0,0.2951613,0,0,0,1,0.2166897
0,0.2959807,0,0,0,1,0.2370111
0,0.2966812,0,0,0,1,0.2565528
0,0.2976834,0,0,0,1,0.2749554
0,0.2987557,0,0,0,1,0.2951472
0,0.3001438,0,0,0,1,0.2705703
0,0.3015265,0,0,0,1,0.2475003
0,0.3027055,0,0,0,1,0.2287425
0,0.3040513,0,0,0,1,0.2082618
0,0.3054578,0,0,0,1,0.1876875
0,0.3063409,0,0,0,1,0.1690038
0,0.307838,0,0,0,1,0.1488216
0,0.3092065,0,0,0,1,0.1309713
0,0.3106799,0,0,0,1,0.1123629
0,0.3124613,0,0,0,1,0.09064077
0,0.3140262,0,0,0,1,0.07210737
0,0.315551,0,0,0,1,0.05130267
0,0.3168535,0,0,0,1,0.03056667
0,0.3187177,0,0,0,1,0.01029057
0,0.3549706,0,0.0198527,0,1,0.0217302
0,0.3572245,0,0.02309477,0,1,0.0479931
0,0.3588177,0,0.02522391,0,1,0.0664086
0,0.3604482,0,0.02706617,0,1,0.0856467
0,0.361991,0,0.0289914,0,1,0.1042005
0,0.3636801,0,0.03133041,0,1,0.1249674
0,0.3650596,0,0.03370833,0,1,0.144606
0,0.3664457,0,0.03620851,0,1,0.1639377
0,0.3679227,0,0.03885406,0,1,0.1831836
0,0.3693328,0,0.04157144,0,1,0.2018883
0,0.3708394,0,0.04470754,0,1,0.2222937
0,0.3722853,0,0.04793799,0,1,0.2422545
0,0.3737345,0,0.05083084,0,1,0.2626626
0,0.3749259,0,0.05428141,0,1,0.2862447
0,0.3757177,0,0.05777633,0,1,0.3081006
0,0.3766146,0,0.06092036,0,1,0.3264735
0,0.3778719,0,0.06442857,0,1,0.3457092
0,0.3790864,0,0.06808722,0,1,0.3646362
0,0.3802362,0,0.07180315,0,1,0.3828882
0,0.3814956,0,0.07620394,0,1,0.4033902
0,0.3827378,0,0.08086801,0,1,0.4240728
0,0.3838513,0,0.08531892,0,1,0.4429992
0,0.3850474,0,0.0906685,0,1,0.4647705
0,0.3854942,0,0.09586662,0,1,0.4851324
0,0.3859823,0,0.1018472,0,1,0.5076759
0,0.3863963,0,0.1070644,0,1,0.5267527
0,0.386849,0,0.1130717,0,1,0.5480469
0,0.387655,0,0.1182523,0,1,0.5659735
0,0.3885696,0,0.1239284,0,1,0.5851462
0,0.3894275,0,0.1295468,0,1,0.6037252
0,0.3905136,0,0.1357955,0,1,0.5821081
0,0.391893,0,0.1426609,0,1,0.5570713
0,0.3929839,0,0.147398,0,1,0.5387416
0,0.3942462,0,0.1522863,0,1,0.518896
0,0.3956289,0,0.1571614,0,1,0.4985719
0,0.39688,0,0.1617272,0,1,0.4790512
0,0.3974378,0,0.1660588,0,1,0.4600888
0,0.3980727,0,0.1705247,0,1,0.4400316
0,0.3988018,0,0.1749701,0,1,0.418584
0,0.3994967,0.0003172159,0.1787215,0,1,0.399529
0,0.4008694,0.002372563,0.1827483,0,1,0.3780816
0,0.4028607,0.001421213,0.186348,0,1,0.3580515
0,0.404758,0.0005305409,0.1895011,0,1,0.3397674
0,0.4068419,0,0.1926768,0,1,0.3205095
0,0.4091497,0,0.1958904,0,1,0.3000564
0,0.4091933,0,0.198909,0,1,0.2798859
0,0.4089696,0,0.2015495,0,1,0.2614107
0,0.4087282,0,0.2045515,0,1,0.2409729
0,0.4084933,0,0.2079594,0,1,0.2201904
0,0.4082748,0,0.2111531,0,1,0.2001549
0,0.408079,0,0.2140351,0,1,0.181587
0,0.4078909,0,0.2168298,0,1,0.163077
0,0.4076954,0,0.2196978,0,1,0.1435143
0,0.4072816,0,0.2219932,0,1,0.1238895
0,0.4062954,0,0.219613,0,1,0.1048539
0,0.4053306,0,0.2169291,0,1,0.08571841
0,0.4043066,0,0.2141756,0,1,0.06574771
0,0.4030987,0,0.2142241,0,1,0.04265071
0,0.402114,0,0.214099,0,1,0.02412961
0,0.4011061,0,0.2138029,0,1,0.005528107
0,0.3943018,0,0.2031294,0,1,0.0231381
0,0.3919853,0,0.2002614,0,1,0.0477642
0,0.3898424,0,0.1988112,0,1,0.0712191
0,0.3880966,0,0.1972673,0,1,0.0908472
0,0.3864192,0,0.1957011,0,1,0.1102182
0,0.384856,0,0.1944981,0,1,0.1288041
0,0.3832747,0,0.1935709,0,1,0.1478778
0,0.3814626,0,0.1929178,0,1,0.1698933
0,0.3799512,0,0.1926638,0,1,0.1888632
0,0.379006,0,0.1927199,0,1,0.2079915
0,0.3781532,0,0.1931469,0,1,0.2280465
0,0.3774022,0,0.1939732,0,1,0.2464779
0,0.3766615,0,0.1948265,0,1,0.2655123
0,0.3759364,0,0.1957805,0,1,0.2850837
0,0.3752606,0,0.1970441,0,1,0.3042651
0,0.3746539,0,0.1985321,0,1,0.3224181
0,0.3740535,0,0.2003968,0,1,0.3413814
0,0.3731491,0,0.2027351,0,1,0.3616692
0,0.3720644,0,0.205497,0,1,0.382554
0,0.3710968,0,0.2084105,0,1,0.4022532
0,0.3702276,0,0.2114568,0,1,0.4210098
0,0.3693904,0,0.21484,0,1,0.4401801
0,0.3682619,0,0.2187492,0,1,0.4151637
0,0.3682143,0,0.2220898,0,1,0.3909798
0,0.3684344,0,0.2247661,0,1,0.3690921
0,0.3686801,0,0.2270544,0,1,0.3477243
0,0.3689319,0,0.2288906,0,1,0.3281601
0,0.3692126,0,0.2304813,0,1,0.308382
0,0.3695426,0,0.2318903,0,1,0.2871462
0,0.3686779,0,0.2329823,0,1,0.2660415
0,0.367779,0,0.2335512,0,1,0.2459742
0,0.3669159,0,0.2336698,0,1,0.2269218
0,0.3660482,0,0.2335409,0,1,0.2080011
0,0.3650441,0,0.2330777,0,1,0.1864452
0,0.3639948,0,0.2322639,0,1,0.1643091
0,0.3630267,0,0.2312512,0,1,0.1441473
0,0.3633539,0.001605272,0.2300729,0,1,0.1254024
0,0.3641827,0.0060727,0.2285671,0,1,0.104559
0,0.3644625,0.01017684,0.2273363,0,1,0.08476083
0,0.364449,0.01384461,0.2261329,0,1,0.06652593
0,0.3644392,0.0170061,0.2247252,0,1,0.04661823
0,0.3657434,0.02000409,0.2227633,0,1,0.02358393
0,0.3695325,0.02248871,0.2208336,0,1,0.003830731
0,0.4719118,0,0,0,1,0.0246033
0,0.470401,0,0,0,1,0.0488469
0,0.4691385,0,0,0,1,0.0695877
0,0.4677971,0,0,0,1,0.0920934
0,0.4664767,0,0,0,1,0.1128447
0,0.4650149,0,0,0,1,0.133818
0,0.4636329,0,0,0,1,0.1542699
0,0.4622899,0,0,0,1,0.1747356
0,0.4610088,0,0,0,1,0.1949241
0,0.4597835,0,0,0,1,0.2148894
0,0.4584587,0,0,0,1,0.2373408
0,0.4574327,0,0,0,1,0.2553894
0,0.456403,0,0,0,1,0.2752332
0,0.4555714,0,0,0,1,0.2949318
0,0.4547247,0,0,0,1,0.3160161
0,0.4540743,0,0,0,1,0.335448
0,0.453446,0,0,0,1,0.3557472
0,0.4528746,0,0,0,1,0.3753515
0,0.4523563,0,0.002622843,0,1,0.3942302
0,0.4518631,0,0.007194996,0,1,0.4133462
0,0.4514201,0,0.0118106,0,1,0.431693
0,0.450964,0,0.01718271,0,1,0.4519862
0,0.4505651,0,0.02247894,0,1,0.4711343
0,0.450188,0,0.02812338,0,1,0.4907213
0,0.4498397,0,0.03407234,0,1,0.5105832
0,0.4495459,0,0.03974092,0,1,0.5289087
0,0.4492843,0,0.04562294,0,1,0.5473521
0,0.4491504,0,0.05212516,0,1,0.5671455
0,0.4490372,0,0.05895609,0,1,0.5873706
0,0.4489545,0,0.06535852,0,1,0.6058935
0,0.4490245,0,0.07331651,0,1,0.6259197
0,0.4492307,0,0.08184975,0,1,0.6465846
0,0.4494468,0,0.09080178,0,1,0.6677871
0,0.4496572,0,0.09869844,0,1,0.6875758
0,0.4498765,0,0.1069093,0,1,0.7081023
0,0.4500953,0,0.1151136,0,1,0.7283173
0,0.4503237,0,0.1238259,0,1,0.7495006
0,0.4506218,0,0.133027,0,1,0.7258404
0,0.4509692,0,0.1416174,0,1,0.702511
0,0.4512991,0,0.1484037,0,1,0.6832219
0,0.4516521,0,0.1546285,0,1,0.6647626
0,0.4521161,0,0.1616691,0,1,0.6428143
0,0.4525764,0,0.1676672,0,1,0.6232627
0,0.4545403,0,0.1733582,0,1,0.6038755
0,0.4566123,0,0.1786828,0,1,0.584947
0,0.4588313,0,0.183831,0,1,0.5658385
0,0.4611189,0,0.1886442,0,1,0.547204
0,0.4616306,0,0.1935726,0,1,0.5272429
0,0.4618284,0,0.1981531,0,1,0.507853
0,0.4620709,0,0.2028547,0,1,0.4869748
0,0.4623306,0,0.2070941,0,1,0.4672792
0,0.4627034,0,0.2113775,0,1,0.4463812
0,0.4633853,0,0.2156893,0,1,0.4242072
0,0.4640494,0,0.2194146,0,1,0.4041193
0,0.4648188,0,0.2232593,0,1,0.3822393
0,0.4655234,0,0.2264255,0,1,0.3633705
0,0.4662419,0,0.229353,0,1,0.3450873
0,0.4670917,0,0.2324712,0,1,0.324517
0,0.4679863,0,0.2354248,0,1,0.3039337
0,0.4689132,0,0.2387577,0,1,0.2789749
0,0.4695536,0,0.241449,0,1,0.2575165
0,0.4702759,0,0.2441233,0,1,0.2346301
0,0.4709074,0,0.2462161,0,1,0.2156086
0,0.469638,0,0.2482712,0,1,0.1955587
0,0.4667902,0,0.2502605,0,1,0.1746238
0,0.4640081,0,0.2516063,0,1,0.1545112
0,0.4621125,0,0.2525026,0,1,0.1356211
0,0.461212,0,0.2533469,0,1,0.1154536
0,0.4602704,0,0.2551705,0,1,0.09464109
0,0.4594131,0,0.2567027,0,1,0.07590729
0,0.4578145,0,0.2581813,0,1,0.05637549
0,0.4557041,0,0.2596883,0,1,0.03443649
0,0.4536749,0,0.260973,0,1,0.01373619
0,0.4527726,0,0.1865205,0,1,0.0252585
0,0.4531165,0,0.1884112,0,1,0.0502341
0,0.4533956,0,0.1901014,0,1,0.0705588
0,0.4540651,0,0.1898812,0,1,0.0896409
0,0.4549248,0,0.181863,0,1,0.1098696
0,0.4557437,0,0.1830755,0,1,0.1293663
0,0.4565516,0,0.184469,0,1,0.1488009
0,0.4574606,0,0.1862951,0,1,0.1709649
0,0.4582409,0,0.1880562,0,1,0.1901514
0,0.459019,0,0.1900016,0,1,0.2093871
0,0.4598179,0,0.1922071,0,1,0.2293215
0,0.46056,0,0.1944259,0,1,0.2478981
0,0.4613186,0,0.1937507,0,1,0.2670588
0,0.4621531,0,0.1914204,0,1,0.2882685
0,0.4629658,0,0.1899464,0,1,0.3090567
0,0.4635156,0,0.1892498,0,1,0.3288054
0,0.4640126,0,0.189209,0,1,0.3476889
0,0.4647055,0,0.1883224,0,1,0.3231257
0,0.4655139,0,0.1901453,0,1,0.2965058
0,0.4662035,0,0.1928504,0,1,0.2752647
0,0.4668669,0,0.1956048,0,1,0.2558354
0,0.4676253,0,0.1984437,0,1,0.2346765
0,0.4683656,0,0.2009562,0,1,0.2149176
0,0.4691024,0,0.2032343,0,1,0.196017
0,0.4701107,0,0.2056563,0,1,0.1745795
0,0.4698164,0,0.207647,0,1,0.1559228
0,0.4703616,0,0.2095761,0,1,0.1366208
0,0.4713664,0,0.2115462,0,1,0.1153833
0,0.4723178,0,0.2132258,0,1,0.09585895
0,0.4733355,0,0.2148354,0,1,0.07550906
0,0.4743454,0,0.2161606,0,1,0.05585696
0,0.475366,0,0.2008536,0,1,0.03643406
0,0.4763909,0,0.1921096,0,1,0.01731926
0,0.4831665,0,0.04537147,0,1,0.0243363
0,0.4810453,0,0.02957934,0,1,0.0513978
0,0.4812624,0,0.01766801,0,1,0.0738126
0,0.4826407,0,0.007350743,0,1,0.0949299
0,0.4842678,0,0,0,1,0.1203702
0,0.4847519,0,0,0,1,0.1429278
0,0.4800033,0,0,0,1,0.1692048
0,0.4762599,0,0,0,1,0.1926858
0,0.476593,0,0,0,1,0.217197
0,0.4768798,0,0,0,1,0.2375439
0,0.4771797,0,0,0,1,0.2583858
0,0.4774662,0,0,0,1,0.277677
0,0.477697,0,0,0,1,0.2961126
0,0.4764634,0,0,0,1,0.3161109
0,0.4752557,0,0,0,1,0.3365748
0,0.4741132,0,0,0,1,0.3567822
0,0.4730326,0,0,0,1,0.3767919
0,0.4727141,0,0.0006923079,0,1,0.3978348
0,0.4738582,0,0.006093204,0,1,0.4191393
0,0.4749148,0,0.0116598,0,1,0.4389912
0,0.4759846,0,0.01787597,0,1,0.4592943
0,0.4770029,0,0.02431047,0,1,0.4788117
0,0.4780167,0,0.03122193,0,1,0.4984548
0,0.4789588,0,0.03867507,0,1,0.5184522
0,0.4770154,0,0.04698926,0,1,0.5396045
0,0.475264,0,0.05627877,0,1,0.5597646
0,0.4734606,0,0.06544721,0,1,0.5818251
0,0.4718964,0,0.07376325,0,1,0.6021771
0,0.4706785,0,0.0821386,0,1,0.6220998
0,0.471132,0,0.09089273,0,1,0.6423827
0,0.4715921,0,0.10003,0,1,0.6630722
0,0.472034,0,0.1089827,0,1,0.6829562
0,0.4724724,0,0.118111,0,1,0.7028927
0,0.4729281,0,0.1284149,0,1,0.724004
0,0.4735146,0,0.1404654,0,1,0.6997991
0,0.4742179,0,0.15226,0,1,0.6739814
0,0.4748066,0,0.1604664,0,1,0.6545702
0,0.4754924,0,0.1685855,0,1,0.6337622
0,0.4753778,0,0.1761384,0,1,0.6127529
0,0.4749,0,0.182488,0,1,0.5937068
0,0.4744167,0,0.1884484,0,1,0.5743847
0,0.4738861,0,0.1944816,0,1,0.5530421
0,0.4733813,0,0.1998211,0,1,0.532454
0,0.4729007,0,0.2045463,0,1,0.5125955
0,0.4724097,0,0.2090059,0,1,0.4920443
0,0.4719189,0,0.2131204,0,1,0.4711256
0,0.4739265,0,0.2171832,0,1,0.4479065
0,0.4759516,0,0.220376,0,1,0.4276199
0,0.4782999,0,0.2234729,0,1,0.4052135
0,0.4794658,0,0.2260963,0,1,0.3834374
0,0.4779879,0,0.2282363,0,1,0.3629597
0,0.4766037,0,0.2299448,0,1,0.3439658
0,0.4771517,0,0.2315505,0,1,0.3221564
0,0.4788955,0,0.2327389,0,1,0.3020435
0,0.4807867,0,0.2337753,0,1,0.2810498
0,0.4828079,0,0.2350413,0,1,0.2594525
0,0.4846507,0,0.2363428,0,1,0.2404064
0,0.4866295,0,0.2374817,0,1,0.2206085
0,0.4866773,0,0.2383802,0,1,0.2017931
0,0.485779,0,0.2391163,0,1,0.181967
0,0.4849414,0,0.2396266,0,1,0.1635677
0,0.4839903,0,0.2399733,0,1,0.1429043
0,0.4831032,0,0.2394919,0,1,0.1237532
0,0.4821691,0,0.2381767,0,1,0.1038131
0,0.4816628,0,0.2370536,0,1,0.08287492
0,0.4831893,0,0.2358441,0,1,0.06429473
0,0.4862095,0,0.2342489,0,1,0.04376483
0,0.4894412,0,0.2321425,0,1,0.02226203
0,0.4925814,0,0.2277481,0,1,0.001757625
0,0.50805,0,0.1217114,0,1,0.0287904
0,0.5080236,0,0.1186177,0,1,0.0553536
0,0.5083972,0,0.116373,0,1,0.0768567
0,0.5087718,0,0.1144319,0,1,0.0984111
0,0.5077825,0,0.1129867,0,1,0.1188663
0,0.506085,0,0.1122026,0,1,0.1400685
0,0.5044758,0,0.1118751,0,1,0.1607496
0,0.5029007,0,0.1119352,0,1,0.1815825
0,0.502183,0,0.1121331,0,1,0.2014746
0,0.501964,0,0.1126434,0,1,0.2207406
0,0.5017558,0,0.1135187,0,1,0.2403768
0,0.5010241,0,0.1146894,0,1,0.2592465
0,0.5002522,0,0.1161622,0,1,0.2778669
0,0.4994404,0,0.1185706,0,1,0.2983011
0,0.4987071,0,0.1212276,0,1,0.3176664
0,0.4979822,0,0.1242417,0,1,0.3376737
0,0.4973199,0,0.1274021,0,1,0.3570036
0,0.4965768,0,0.1307823,0,1,0.3341454
0,0.4958489,0,0.1339921,0,1,0.3098646
0,0.4952734,0,0.1365094,0,1,0.2886747
0,0.4947514,0,0.1381123,0,1,0.2690964
0,0.4942156,0,0.1393517,0,1,0.2490117
0,0.4936364,0,0.1403531,0,1,0.2270826
0,0.4930948,0,0.1409902,0,1,0.2064387
0,0.4925678,0,0.1413229,0,1,0.1861947
0,0.4918032,0,0.1423575,0,1,0.1650972
0,0.4907709,0,0.1432585,0,1,0.1439748
0,0.4897395,0,0.1439089,0,1,0.1230921
0,0.4886598,0,0.1430963,0,1,0.1014759
0,0.4875832,0,0.1418331,0,1,0.08016935
0,0.4864653,0,0.140202,0,1,0.05835695
0,0.4853975,0,0.1392723,0,1,0.03798635
0,0.4842761,0,0.138598,0,1,0.01727735
0,0.2875355,0,0,0,1,0.0239319
0,0.2860671,0,0,0,1,0.04789981
0,0.2847952,0,0,0,1,0.0689097
0,0.2836385,0,0,0,1,0.08862691
0,0.2825969,0,0,0,1,0.1089636
0,0.2817793,0,0,0,1,0.128742
0,0.2809631,0,0,0,1,0.1493124
0,0.2800276,0,0,0,1,0.1703265
0,0.2790986,0,0,0,1,0.1895544
0,0.2781789,0,0,0,1,0.2094933
0,0.2773836,0,0,0,1,0.2275005
0,0.2765165,0,0,0,1,0.2481669
0,0.2758648,0,0,0,1,0.2674233
0,0.2753174,0,0,0,1,0.286278
0,0.2745956,0,0,0,1,0.2618718
0,0.2737685,0,0,0,1,0.2377098
0,0.2729442,0,0,0,1,0.217212
0,0.2721226,0,0,0,1,0.1971444
0,0.2712936,0,0,0,1,0.1772523
0,0.2703623,0,0,0,1,0.1553625
0,0.2693165,0,0,0,1,0.1276692
0,0.2683687,0,0,0,1,0.1028187
0,0.2672695,0,0,0,1,0.07872032
0,0.2658948,0,0,0,1,0.04979581
0,0.2645665,0,0,0,1,0.02226212
0,0.2108652,0.06291634,0,0,1,0.0241563
0,0.2099316,0.06413186,0,0,1,0.0466632
0,0.2099528,0.0639593,0,0,1,0.06826261
0,0.2099756,0.06399798,0,0,1,0.08805091
0,0.2100058,0.06524205,0,0,1,0.1094553
0,0.2096374,0.06637675,0,0,1,0.1286475
0,0.2088275,0.06765968,0,0,1,0.1499916
0,0.2080522,0.06609297,0,0,1,0.1714446
0,0.2073032,0.06476074,0,0,1,0.1934124
0,0.2070032,0.06599325,0,0,1,0.2132454
0,0.2068632,0.06733203,0,0,1,0.1906761
0,0.2067252,0.06514031,0,0,1,0.166737
0,0.2064302,0.06173533,0,0,1,0.146916
0,0.2057089,0.05826354,0,0,1,0.1262496
0,0.2050105,0.05503458,0,0,1,0.1065921
0,0.2043079,0.05385733,0,0,1,0.08723878
0,0.2038346,0.0514273,0,0,1,0.06863398
0,0.2039538,0.04848778,0,0,1,0.04921738
0,0.2040793,0.04839587,0,0,1,0.02992378
0,0.2036959,0.04829645,0,0,1,0.008447079
0,0.2722991,0.02097219,0.1079401,0,1,0.0247161
0,0.2719964,0.02084863,0.1134096,0,1,0.0510063
0,0.2717686,0.02047086,0.1178118,0,1,0.07203481
0,0.2715484,0.02087724,0.122082,0,1,0.0932847
0,0.2713417,0.02139086,0.1264119,0,1,0.1145973
0,0.2716253,0.02188224,0.1305665,0,1,0.1348521
0,0.2720852,0.02216882,0.135495,0,1,0.1586013
0,0.2724048,0.02199465,0.1401277,0,1,0.1806894
0,0.27272,0.02322316,0.1447603,0,1,0.2025573
0,0.2730473,0.02449626,0.1495841,0,1,0.2250948
0,0.2733609,0.02525747,0.1542097,0,1,0.2464953
0,0.2739105,0.02563691,0.1590715,0,1,0.2687898
0,0.2769111,0.02698296,0.1641225,0,1,0.2454573
0,0.2796314,0.02827591,0.1692367,0,1,0.2216742
0,0.2791132,0.02937806,0.1737186,0,1,0.1997571
0,0.2803681,0.03008962,0.1779276,0,1,0.1784808
0,0.2819687,0.0305391,0.1819933,0,1,0.1576986
0,0.2836536,0.03096527,0.1860618,0,1,0.1366662
0,0.2851623,0.03154927,0.1889687,0,1,0.1184619
0,0.2867891,0.03252953,0.1904252,0,1,0.09945838
0,0.2885571,0.03321999,0.1921923,0,1,0.07718458
0,0.2880251,0.03371865,0.1949242,0,1,0.05641348
0,0.2874361,0.03423506,0.1977701,0,1,0.03389638
0,0.2873301,0.03465301,0.200298,0,1,0.01311418
0,0.2959421,0.02441126,0.219717,0,1,0.0233961
0,0.2979094,0.02555484,0.2167805,0,1,0.0482223
0,0.2996692,0.02663958,0.2144899,0,1,0.0710286
0,0.2995374,0.02758789,0.2132806,0,1,0.0905676
0,0.2991697,0.02852517,0.2137119,0,1,0.1095237
0,0.2992578,0.02978379,0.2147876,0,1,0.1300443
0,0.3000537,0.03126001,0.2159067,0,1,0.1482609
0,0.3008859,0.03537756,0.2172856,0,1,0.1676805
0,0.3017592,0.04007632,0.2189778,0,1,0.1885239
0,0.3025547,0.04236335,0.2207228,0,1,0.2077881
0,0.3030602,0.0486331,0.222838,0,1,0.2287947
0,0.3031047,0.05356836,0.2251561,0,1,0.2497449
0,0.3031595,0.05481499,0.2274803,0,1,0.2698461
0,0.3032271,0.05767965,0.2298844,0,1,0.2904207
0,0.3033065,0.06287581,0.2326105,0,1,0.3117756
0,0.3038946,0.0663085,0.2309055,0,1,0.3320004
0,0.3047229,0.0697158,0.229469,0,1,0.3519588
0,0.3056035,0.07526308,0.2300677,0,1,0.373803
0,0.3063976,0.09036005,0.2329159,0,1,0.3939282
0,0.3071752,0.0951004,0.2360713,0,1,0.4142511
0,0.3078735,0.09889168,0.2394316,0,1,0.4342095
0,0.3085927,0.1061404,0.2433165,0,1,0.455574
0,0.3092159,0.110778,0.2469832,0,1,0.4745142
0,0.3098192,0.1154365,0.2508762,0,1,0.4935429
0,0.3104007,0.1279028,0.2549503,0,1,0.5124766
0,0.3109667,0.1391756,0.2592735,0,1,0.5316483
0,0.3114982,0.1421485,0.2636807,0,1,0.5503972
0,0.3120318,0.1476312,0.26851,0,1,0.5701299
0,0.3125398,0.1558029,0.2735672,0,1,0.5900505
0,0.3130398,0.169759,0.2790698,0,1,0.6109785
0,0.3134645,0.1735442,0.2841795,0,1,0.6298602
0,0.3139012,0.1806313,0.2901145,0,1,0.6511473
0,0.3144762,0.1832795,0.2963945,0,1,0.6271866
0,0.3151814,0.1850332,0.3025482,0,1,0.6021396
0,0.3158244,0.1868538,0.3072588,0,1,0.5819667
0,0.3166795,0.1886998,0.3120731,0,1,0.5601306
0,0.317684,0.1883687,0.316284,0,1,0.5400261
0,0.3188858,0.1872002,0.3200769,0,1,0.5209854
0,0.3203828,0.1858513,0.3240681,0,1,0.4997883
0,0.3227898,0.1842239,0.3276643,0,1,0.4796238
0,0.3257551,0.1804916,0.3310153,0,1,0.4597932
0,0.3287849,0.1769065,0.3340618,0,1,0.4407738
0,0.3324031,0.1729,0.3373677,0,1,0.4195049
0,0.3360215,0.1716458,0.3397604,0,1,0.3994697
0,0.3397948,0.1693009,0.3418158,0,1,0.3797342
0,0.3434578,0.1667543,0.3435433,0,1,0.3614819
0,0.3472168,0.164263,0.3450761,0,1,0.3436025
0,0.3522761,0.1621864,0.3468045,0,1,0.3201233
0,0.3565472,0.1605669,0.3481069,0,1,0.2997542
0,0.3613995,0.1588421,0.3492857,0,1,0.277694
0,0.3665369,0.1568267,0.3500214,0,1,0.2559005
0,0.373013,0.1531007,0.3502535,0,1,0.2341412
0,0.3799256,0.1498125,0.3511731,0,1,0.2118569
0,0.3871673,0.1481716,0.3536672,0,1,0.1894184
0,0.3945261,0.1457077,0.3560867,0,1,0.1664198
0,0.4013696,0.1412418,0.3581644,0,1,0.1456061
0,0.4073074,0.1375334,0.3598396,0,1,0.1280198
0,0.413904,0.1338019,0.3315015,0,1,0.1099949
0,0.4216803,0.1310371,0.3316728,0,1,0.09121279
0,0.430636,0.1282871,0.3316743,0,1,0.06968989
0,0.4382472,0.1246021,0.3315194,0,1,0.05018089
0,0.4457743,0.1211225,0.3312196,0,1,0.03129079
0,0.4536316,0.1177254,0.3311682,0,1,0.01196089
0,0.4970332,0,0.2528269,0,1,0.0285801
0,0.4969789,0,0.2549239,0,1,0.053496
0,0.4969347,0,0.2569851,0,1,0.0760794
0,0.496904,0,0.2588434,0,1,0.0951618
0,0.493731,0,0.2608684,0,1,0.1156314
0,0.490087,0,0.2618375,0,1,0.1353078
0,0.4888706,0,0.2641141,0,1,0.1548843
0,0.4898643,0,0.2665883,0,1,0.1750596
0,0.4908028,0,0.269058,0,1,0.194253
0,0.4808857,0,0.271664,0,1,0.2136213
0,0.4747999,0,0.2745391,0,1,0.2340279
0,0.4741822,0,0.2776588,0,1,0.2552202
0,0.4735942,0,0.2809242,0,1,0.2764968
0,0.4731181,0,0.2841005,0,1,0.2964261
0,0.4733009,0,0.2876262,0,1,0.317742
0,0.47413,0,0.291239,0,1,0.3388263
0,0.4751928,0,0.2891808,0,1,0.3133104
0,0.47634,0,0.2932844,0,1,0.2874186
0,0.4773442,0,0.2965813,0,1,0.2658921
0,0.4783732,0,0.2996965,0,1,0.2448501
0,0.4779455,0,0.3025432,0,1,0.224967
0,0.4780746,0,0.3053015,0,1,0.2050413
0,0.479283,0,0.3078981,0,1,0.1856331
0,0.4805086,0,0.3103642,0,1,0.16656
0,0.4820634,0,0.2727402,0,1,0.1431696
0,0.4834827,0,0.2752408,0,1,0.1224474
0,0.4832534,0,0.2775635,0,1,0.102375
0,0.4818451,0,0.2797603,0,1,0.08256659
0,0.4828825,0,0.2818805,0,1,0.06255089
0,0.4844959,0,0.276575,0,1,0.04122929
0,0.486094,0,0.2785475,0,1,0.02055569
0,0.4865848,0,0.2803274,0,1,0.0008540861
0,0.4983048,0,0,0,1,0.0235815
0,0.5002671,0,0,0,1,0.0495657
0,0.5018333,0,0,0,1,0.0706128
0,0.5032517,0,0,0,1,0.0899631
0,0.5048685,0,0,0,1,0.1123857
0,0.5057052,0,0,0,1,0.1334295
0,0.5066841,0,0,0,1,0.1535163
0,0.5081173,0,0,0,1,0.1741962
0,0.5094124,0,0,0,1,0.1930464
0,0.5106194,0,0,0,1,0.2107635
0,0.5118775,0,0,0,1,0.2294379
0,0.5131553,0,0,0,1,0.2485821
0,0.512445,0,0,0,1,0.2696211
0,0.5103075,0,0,0,1,0.2874849
0,0.5115167,0,0,0,1,0.3061314
0,0.5127246,0,0,0,1,0.3248898
0,0.5138938,0,0,0,1,0.3431875
0,0.5150964,0,0,0,1,0.3621492
0,0.5162574,0,0,0,1,0.3805572
0,0.5175343,0,0,0,1,0.401019
0,0.5064595,0,0,0,1,0.4203984
0,0.4930142,0,0,0,1,0.4398192
0,0.4890287,0,0,0,1,0.4590246
0,0.4885622,0,0,0,1,0.477513
0,0.4877231,0,0,0,1,0.4972095
0,0.4885362,0,0,0,1,0.5178909
0,0.4896432,0,0,0,1,0.5377293
0,0.490687,0,0,0,1,0.5566383
0,0.4917777,0,0,0,1,0.5766996
0,0.4928429,0,0,0,1,0.5965089
0,0.4942007,0,0,0,1,0.5728776
0,0.4956906,0,0,0,1,0.5487282
0,0.4970683,0,0,0,1,0.5278044
0,0.4985071,0,0,0,1,0.5071225
0,0.4966959,0,0,0,1,0.4867212
0,0.4946714,0,0,0,1,0.4674225
0,0.4962406,0,0,0,1,0.4478239
0,0.4980174,0,0,0,1,0.4266438
0,0.4997432,0,0,0,1,0.4069695
0,0.5016764,0,0,0,1,0.3858771
0,0.5037434,0,0,0,1,0.3642906
0,0.5047092,0,0,0,1,0.3453108
0,0.5029794,0,0,0,1,0.326712
0,0.5012231,0,0,0,1,0.3080584
0,0.4996115,0,0,0,1,0.2892184
0,0.5019085,0,0,0,1,0.2688748
0,0.5041825,0,0,0,1,0.2493652
0,0.5064311,0,0,0,1,0.2291191
0,0.5066876,0,0,0,1,0.2087065
0,0.5069557,0,0,0,1,0.1891033
0,0.5072558,0,0,0,1,0.1682818
0,0.507578,0,0,0,1,0.1473091
0,0.5104712,0,0,0,1,0.1256353
0,0.508339,0,0,0,1,0.1049854
0,0.5062553,0,0,0,1,0.08470809
0,0.5062321,0,0,0,1,0.06081399
0,0.5062165,0,0,0,1,0.03980258
0,0.5062562,0,0,0,1,0.01882509
0,0.4358329,0,0,0,1,0.0234657
0,0.4305959,0.001666784,0,0,1,0.0485715
0,0.4297389,0.002007723,0,0,1,0.0705879
0,0.4291515,0.002306819,0,0,1,0.0899262
0,0.4262511,0.005860984,0,0,1,0.1116534
0,0.4216869,0.014328,0,0,1,0.1306041
0,0.416788,0.02391249,0,0,1,0.1515504
0,0.4150398,0.03024483,0,0,1,0.172422
0,0.4131816,0.04007483,0,0,1,0.1906134
0,0.4091008,0.05155754,0,0,1,0.2092179
0,0.4096289,0.05066544,0,0,1,0.2289396
0,0.4102911,0.04976362,0,0,1,0.2479194
0,0.4109558,0.05455995,0,0,1,0.2670783
0,0.4116399,0.06578743,0,0,1,0.286974
0,0.4119833,0.07735556,0,0,1,0.305337
0,0.4105242,0.08042204,0,0,1,0.326451
0,0.4092953,0.08697695,0,0,1,0.3463173
0,0.4099013,0.09103793,0,0,1,0.3654771
0,0.4107329,0.09209609,0,0,1,0.3409359
0,0.4117274,0.09873289,0,0,1,0.313668
0,0.4116781,0.1022022,0,0,1,0.2946657
0,0.4031208,0.1176976,0,0,1,0.2740704
0,0.3959703,0.1145618,0,0,1,0.2549808
0,0.3955017,0.111711,0,0,1,0.2374455
0,0.3950002,0.1135975,0,0,1,0.2187861
0,0.3944683,0.1150455,0,0,1,0.1994475
0,0.3938763,0.1158087,0,0,1,0.1807647
0,0.3941884,0.1231729,0,0,1,0.1607133
0,0.3976017,0.1251167,0,0,1,0.1383183
0,0.400662,0.1211144,0,0.001590729,1,0.1187895
0,0.4036738,0.1202396,0,0.00753355,1,0.100074
0,0.3992124,0.1196083,0,0.01378131,1,0.08016507
0,0.3879178,0.1176704,0,0.002025366,1,0.05918937
0,0.3824252,0.1148026,0,0.005814731,1,0.03912207
0,0.3800935,0.1116937,0,0.01010072,1,0.01668267
0,0.2971811,0.07444453,0,0.09487343,1,0.0242604
0,0.2975747,0.07339776,0,0.08735353,1,0.0497547
0,0.2978993,0.07416445,0,0.08746994,1,0.0708672
0,0.2905756,0.08126664,0,0.0877983,1,0.0934269
0,0.2832031,0.0832181,0,0.0821563,1,0.1128453
0,0.275496,0.07842302,0,0.07363451,1,0.1338939
0,0.2726113,0.07797492,0,0.06757188,1,0.1572069
0,0.2690428,0.0815655,0,0.06051821,1,0.1765092
0,0.2689247,0.0786193,0,0.0585404,1,0.1964217
0,0.2703528,0.07579893,0,0.05332702,1,0.2148978
0,0.2719635,0.07240713,0,0.04913729,1,0.2363805
0,0.2734656,0.07366389,0,0.03718752,1,0.2569734
0,0.2735435,0.08147901,0,0.03235251,1,0.2772741
0,0.268317,0.08820361,0,0.02705312,1,0.2966556
0,0.2635103,0.0838809,0,0.009598911,1,0.3154065
0,0.2590294,0.07950538,0,0.003595352,1,0.3338253
0,0.2571239,0.07920206,0,0,1,0.353265
0,0.2566089,0.07777232,0,0,1,0.3732462
0,0.2559729,0.0861187,0,0,1,0.349341
0,0.2523633,0.08443159,0,0,1,0.3239742
0,0.2490387,0.082838,0,0,1,0.3032355
0,0.2456197,0.08742326,0,0,1,0.2826042
0,0.2426727,0.08618772,0,0,1,0.2636748
0,0.2445446,0.08503824,0,0,1,0.2426733
0,0.2456732,0.094877,0,0,1,0.2217222
0,0.2404448,0.08897781,0,0,1,0.2014983
0,0.2394342,0.09450716,0,0,1,0.1810755
0,0.2400726,0.09987116,0,0,1,0.1604322
0,0.2406878,0.09935844,0,0,1,0.1414176
0,0.241366,0.1024319,0,0,1,0.1214412
0,0.2377921,0.1136402,0,0,1,0.1018005
0,0.2339562,0.1110866,0,0,1,0.08263739
0,0.2295797,0.1058167,0,0,1,0.06139409
0,0.2289216,0.107563,0,0,1,0.04049789
0,0.2256952,0.1119774,0,0,1,0.02109719
0,0.226362,0.1132556,0,0,1,0.002784291
0,0.2331339,0.2920964,0,0.06588167,1,0.025599
0,0.2359959,0.2907583,0,0.05161124,1,0.05112
0,0.2397746,0.2896407,0,0.04850012,1,0.071838
0,0.2435572,0.2850451,0,0.04590607,1,0.0931881
0,0.2432761,0.2805784,0,0.05047244,1,0.115725
0,0.2421138,0.281229,0,0.0546717,1,0.1366248
0,0.241087,0.280876,0,0.04611909,1,0.1558677
0,0.2400528,0.2756702,0,0.04201394,1,0.1760613
0,0.2391136,0.2705902,0,0.03983337,1,0.1952607
0,0.2391079,0.2676263,0,0.03451693,1,0.2146533
0,0.2397026,0.2663181,0,0.02880496,1,0.234105
0,0.2402902,0.2630452,0,0.02712095,1,0.2537322
0,0.2410728,0.2590433,0,0.02607465,1,0.229398
0,0.2419875,0.259308,0,0.01427871,1,0.2029917
0,0.2425088,0.262596,0,0.004400969,1,0.1819533
0,0.2418641,0.2654764,0,0,1,0.1630029
0,0.2412298,0.2668738,0,0,1,0.1446228
0,0.2405774,0.2628895,0,0,1,0.126102
0,0.2434216,0.2582399,0,0,1,0.1040427
0,0.2473593,0.2551819,0,0,1,0.083916
0,0.2434157,0.2551068,0,0,1,0.0631485
0,0.2394033,0.252376,0,0,1,0.0413664
0,0.2388243,0.2498823,0,0,1,0.0205626
0,0.2382461,0.2550473,0,0,1,0.0004253983
0,0.2242968,0.2586763,0,0,1,0.0220098
0,0.2230232,0.2599847,0,0,1,0.0480897
0,0.223774,0.2580652,0,0,1,0.067617
0,0.2245266,0.2560485,0,0,1,0.0875829
0,0.2252714,0.2616782,0,0,1,0.1078371
0,0.2251894,0.2578845,0,0,1,0.1274559
0,0.2246489,0.2622275,0,0,1,0.1470396
0,0.2241447,0.2677621,0,0,1,0.1662351
0,0.2248682,0.2710315,0,0,1,0.1880106
0,0.2267554,0.272792,0,0,1,0.2075553
0,0.2286325,0.283956,0,0,1,0.2275872
0,0.2272404,0.2887778,0,0,1,0.2487828
0,0.2260091,0.288071,0,0,1,0.2679588
0,0.2248107,0.2873071,0,0,1,0.2876331
0,0.2237679,0.2896641,0,0,1,0.3064194
0,0.2228261,0.2958424,0,0,1,0.325155
0,0.2219102,0.302277,0,0,1,0.3445455
0,0.2209685,0.3067684,0,0,1,0.3660006
0,0.2202186,0.311754,0,0,1,0.3846732
0,0.2194559,0.3241969,0,0,1,0.4051398
0,0.2187355,0.3170468,0,0,1,0.4262376
0,0.2181488,0.3115585,0,0,1,0.4449324
0,0.2174681,0.3118208,0,0,1,0.4689687
0,0.2169492,0.3083607,0,0,1,0.4458942
0,0.2167506,0.3155283,0,0,1,0.4210803
0,0.2165935,0.3083398,0,0,1,0.4003146
0,0.2163187,0.3107978,0,0,1,0.3788493
0,0.212589,0.3113404,0,0,1,0.3593397
0,0.2098889,0.304918,0,0,1,0.3391761
0,0.2087274,0.2991074,0,0,1,0.3208344
0,0.2074299,0.2951799,0,0,1,0.3010617
0,0.2061026,0.2920513,0,0,1,0.2814498
0,0.204744,0.2939295,0,0,1,0.2619861
0,0.2033632,0.2988042,0,0,1,0.2428167
0,0.2012766,0.2948403,0,0,1,0.2248839
0,0.1986068,0.2889481,0,0,1,0.2035515
0,0.195816,0.2880747,0,0,1,0.1819827
0,0.1934674,0.2864611,0,0,1,0.1623522
0,0.1918965,0.2838739,0,0,1,0.1426047
0,0.1907676,0.2810732,0,0,1,0.1208364
0,0.1902596,0.2786475,0,0,1,0.1016913
0,0.1903169,0.2785174,0,0,1,0.08395743
0,0.1920973,0.2784581,0,0,1,0.06595083
0,0.1940702,0.2783917,0,0,1,0.04664403
0,0.1911755,0.2783273,0,0,1,0.02843643
0,0.1842528,0.2739714,0,0,1,0.007515932
0,0.1401416,0.1821306,0,0,1,0.0286704
0,0.1450905,0.1819867,0,0,1,0.0545355
0,0.1486903,0.1808954,0,0,1,0.0739239
0,0.1524656,0.1820093,0,0,1,0.0949356
0,0.154792,0.1826186,0,0,1,0.1165575
0,0.1534584,0.1773304,0,0,1,0.1362633
0,0.1521476,0.171726,0,0,1,0.1565607
0,0.1508512,0.1683876,0,0,1,0.177633
0,0.1550903,0.1659987,0,0,1,0.1970676
0,0.1595461,0.1671835,0,0,1,0.2170626
0,0.1582544,0.1716664,0,0,1,0.2352966
0,0.1543178,0.1695579,0,0,1,0.2553705
0,0.1511054,0.1605899,0,0,1,0.2748396
0,0.1525975,0.161414,0,0,1,0.2934378
0,0.1544702,0.1596839,0,0,1,0.2716017
0,0.1566585,0.1550244,0,0,1,0.2477676
0,0.1584402,0.155576,0,0,1,0.227829
0,0.1590863,0.152401,0,0,1,0.2079867
0,0.161023,0.1544272,0,0,1,0.1871025
0,0.1662522,0.1563632,0,0,1,0.1664619
0,0.1717654,0.1543283,0,0,1,0.1456731
0,0.1773935,0.1484498,0,0,1,0.1253151
0,0.1767616,0.1431157,0,0,1,0.1064718
0,0.1748869,0.1406848,0,0,1,0.0863121
0,0.1730475,0.138292,0,0,1,0.0670623
0,0.1712083,0.1418155,0,0,1,0.0483207
0,0.1696188,0.1454965,0,0,1,0.028692
0,0.1732293,0.1491805,0,0,1,0.008461503
0,0.1955321,0.1095894,0.02762568,0,1,0.0229131
0,0.2036186,0.100166,0.03210777,0,1,0.0477456
0,0.2100357,0.09846234,0.03583151,0,1,0.0680205
0,0.2065016,0.09810561,0.03931981,0,1,0.0867177
0,0.2023561,0.09543014,0.0423218,0,1,0.1063161
0,0.198452,0.09900987,0.03461719,0,1,0.1254297
0,0.1980361,0.1056929,0.02831495,0,1,0.142965
0,0.2000723,0.1032857,0.02747625,0,1,0.1627482
0,0.2000928,0.09466338,0.02881205,0,1,0.1814166
0,0.1985747,0.09441805,0.0313412,0,1,0.2002638
0,0.1983607,0.09422475,0.0355522,0,1,0.2203644
0,0.202347,0.09119433,0.03998977,0,1,0.241272
0,0.2058558,0.09765643,0.04407698,0,1,0.2602938
0,0.2093287,0.09994578,0.04831392,0,1,0.2797935
0,0.2113563,0.08965349,0.05245316,0,1,0.298626
0,0.2097203,0.08979255,0.05675805,0,1,0.3180102
0,0.2080345,0.08827806,0.06153822,0,1,0.3393018
0,0.2066373,0.0854761,0.06580132,0,1,0.3581043
0,0.2052898,0.09389424,0.070225,0,1,0.3774411
0,0.2040759,0.08605081,0.07453841,0,1,0.3961278
0,0.2029022,0.08336127,0.07906151,0,1,0.4155759
0,0.2042681,0.07962054,0.08448029,0,1,0.3920109
0,0.2066953,0.07137209,0.08973712,0,1,0.368925
0,0.2064151,0.06586134,0.09449023,0,1,0.3478788
0,0.2076262,0.06777406,0.09902382,0,1,0.3276453
0,0.2108666,0.07073736,0.1036401,0,1,0.3068877
0,0.2145377,0.0661096,0.1085138,0,1,0.2847969
0,0.2179655,0.05479997,0.112802,0,1,0.2652333
0,0.221427,0.05419052,0.1169056,0,1,0.2464071
0,0.2228227,0.05130911,0.1043569,0,1,0.2277036
0,0.2214314,0.04879594,0.09956694,0,1,0.208407
0,0.2199544,0.05541825,0.1028392,0,1,0.1884606
0,0.218438,0.05467069,0.106003,0,1,0.1685508
0,0.2169037,0.04436934,0.1073486,0,1,0.1489104
0,0.2152528,0.04561174,0.107235,0,1,0.1283763
0,0.2198089,0.04533648,0.111181,0,1,0.1060428
0,0.224544,0.04180282,0.1160492,0,1,0.08713077
0,0.2296461,0.0409404,0.1211555,0,1,0.06740967
0,0.2346025,0.04609954,0.1259966,0,1,0.04879887
0,0.2370377,0.0466755,0.1312294,0,1,0.02878017
0,0.2372557,0.03777713,0.1322442,0,1,0.00637617
0,0.3776037,0,0.170271,0,1,0.0261903
0,0.377094,0,0.1751717,0,1,0.0502497
0,0.3801978,0,0.1779496,0,1,0.0709008
0,0.3786228,0,0.1725838,0,1,0.0938706
0,0.3788834,0,0.1685138,0,1,0.113436
0,0.3862766,0,0.1667462,0,1,0.1331961
0,0.3938825,0,0.1683167,0,1,0.1539453
0,0.3930374,0,0.1720265,0,1,0.1736265
0,0.3885438,0,0.1767553,0,1,0.1961904
0,0.3845754,0,0.1811277,0,1,0.2168451
0,0.3831674,0,0.1858169,0,1,0.2387841
0,0.3859684,0,0.1901857,0,1,0.2590482
0,0.3878903,0,0.1943252,0,1,0.278085
0,0.3869202,0,0.1989782,0,1,0.299307
0,0.3860439,0,0.2034341,0,1,0.31947
0,0.3894343,0,0.2074304,0,1,0.3374304
0,0.3951365,0,0.2118411,0,1,0.3571179
0,0.4008243,0,0.2163579,0,1,0.3771366
0,0.404484,0,0.221013,0,1,0.3976446
0,0.4019434,0,0.2254288,0,1,0.4169793
0,0.3987432,0,0.2288761,0,1,0.3933306
0,0.3954442,0,0.2293831,0,1,0.3695754
0,0.3926483,0,0.2293478,0,1,0.3498408
0,0.3934251,0,0.2288794,0,1,0.3303204
0,0.3960831,0,0.2280128,0,1,0.3112923
0,0.3975585,0,0.2295333,0,1,0.2920167
0,0.396888,0,0.2326744,0,1,0.2707143
0,0.3972918,0,0.2352867,0,1,0.2513829
0,0.4046053,0,0.2366933,0,1,0.2327238
0,0.4125541,0,0.2379789,0,1,0.2131656
0,0.4153199,0,0.2396665,0,1,0.1940364
0,0.4116957,0,0.2446689,0,1,0.1730742
0,0.408342,0,0.2492244,0,1,0.1540209
0,0.4048576,0,0.2538798,0,1,0.134595
0,0.4064192,0,0.2584699,0,1,0.1154772
0,0.4096922,0,0.2631638,0,1,0.09596249
0,0.4094449,0,0.2565059,0,1,0.07687619
0,0.4141505,0,0.2528837,0,1,0.05696189
0,0.4242799,0,0.2552654,0,1,0.0372408
0,0.4296131,0,0.2577171,0,1,0.0161295
0,0.4676696,0,0.2766754,0,1,0.0253713
0,0.474201,0,0.2822775,0,1,0.0499566
0,0.4762312,0,0.2857502,0,1,0.0709551
0,0.4732509,0,0.273007,0,1,0.0925653
0,0.4704914,0,0.2637284,0,1,0.1130724
0,0.4677794,0,0.2647505,0,1,0.1337673
0,0.4676446,0,0.2661123,0,1,0.1547991
0,0.468026,0,0.2711386,0,1,0.1731147
0,0.467654,0,0.2766048,0,1,0.1931514
0,0.4686348,0,0.2827258,0,1,0.2157381
0,0.4740016,0,0.2877996,0,1,0.2345523
0,0.4800121,0,0.2935462,0,1,0.2559921
0,0.4789952,0,0.2992862,0,1,0.2775375
0,0.4763561,0,0.3042424,0,1,0.2962275
0,0.4737791,0,0.3092156,0,1,0.3150807
0,0.4725426,0,0.3143576,0,1,0.3346821
0,0.4741697,0,0.3197419,0,1,0.3553224
0,0.4757595,0,0.3250397,0,1,0.3757524
0,0.4762559,0,0.326497,0,1,0.3972744
0,0.4749076,0,0.3261427,0,1,0.4157127
0,0.4735882,0,0.3263376,0,1,0.4345455
0,0.4722279,0,0.3271577,0,1,0.4549056
0,0.4710246,0,0.3284383,0,1,0.4738422
0,0.4699468,0,0.3300735,0,1,0.491655
0,0.468829,0,0.3323352,0,1,0.5110923
0,0.4678412,0,0.3348375,0,1,0.5291922
0,0.4673904,0,0.3380461,0,1,0.5491578
0,0.4678582,0,0.3422701,0,1,0.5682387
0,0.4680696,0,0.3469613,0,1,0.5886096
0,0.4709668,0,0.3518583,0,1,0.609663
0,0.4747517,0,0.357199,0,1,0.632385
0,0.4790056,0,0.3626605,0,1,0.6087576
0,0.4842071,0,0.368705,0,1,0.5821365
0,0.4886429,0,0.3735118,0,1,0.5607039
0,0.4872296,0,0.3778216,0,1,0.5412795
0,0.4857571,0,0.3822036,0,1,0.5213037
0,0.4840472,0,0.3871357,0,1,0.4985325
0,0.4825902,0,0.3912683,0,1,0.4792788
0,0.4810165,0,0.392895,0,1,0.4588053
0,0.4795828,0,0.393986,0,1,0.4403127
0,0.4800589,0,0.3948696,0,1,0.421077
0,0.4819093,0,0.3955221,0,1,0.4014438
0,0.482586,0,0.395929,0,1,0.3823005
0,0.4824063,0,0.3961076,0,1,0.3629973
0,0.4822458,0,0.3960722,0,1,0.3443412
0,0.4820976,0,0.3959945,0,1,0.3253845
0,0.4819571,0,0.3983185,0,1,0.3059622
0,0.4937637,0,0.4006382,0,1,0.2869761
0,0.4923195,0,0.4048041,0,1,0.266796
0,0.4904431,0,0.4108315,0,1,0.246558
0,0.492654,0,0.4167194,0,1,0.2270262
0,0.4983097,0,0.4234962,0,1,0.2048388
0,0.5027226,0,0.4293519,0,1,0.1858869
0,0.5007316,0,0.4370977,0,1,0.1611513
0,0.4987715,0,0.4447178,0,1,0.1371351
0,0.4968594,0,0.4493781,0,1,0.1140624
0,0.4947875,0,0.4448965,0,1,0.08948456
0,0.4973316,0,0.4401836,0,1,0.1187007
0,0.5059763,0,0.4432352,0,1,0.1482165
0,0.5200268,0,0.4431224,0,1,0.1755291
0,0.5176405,0,0.4404731,0,1,0.2018649
0,0.5153644,0,0.4383619,0,1,0.2279805
0,0.5134396,0,0.4369137,0,1,0.2509041
0,0.5169756,0,0.436249,0,1,0.2770398
0,0.5191671,0,0.4356314,0,1,0.3004152
0,0.518261,0,0.4354277,0,1,0.3255228
0,0.5174893,0,0.4356182,0,1,0.3482513
0,0.5168003,0,0.4361322,0,1,0.369752
0,0.5160872,0,0.4370782,0,1,0.3934571
0,0.515468,0,0.4290369,0,1,0.4155746
0,0.5150872,0,0.4307501,0,1,0.43874
0,0.5225005,0,0.4323969,0,1,0.4577523
0,0.5303237,0,0.4343073,0,1,0.4771464
0,0.5379896,0,0.4363986,0,1,0.496179
0,0.5441672,0,0.4386883,0,1,0.5151324
0,0.5433264,0,0.4410354,0,1,0.5330511
0,0.5425094,0,0.4435947,0,1,0.5512701
0,0.5416621,0,0.4466142,0,1,0.5713047
0,0.5408945,0,0.4496937,0,1,0.5905404
0,0.5401529,0,0.4530394,0,1,0.6103062
0,0.5394517,0,0.4565908,0,1,0.6302364
0,0.5386358,0,0,0,1,0.607056
0,0.5376733,0,0,0,1,0.5796123
0,0.5390118,0,0,0,1,0.5586269
0,0.5407003,0,0,0,1,0.5382383
0,0.541979,0,0,0,1,0.5173203
0,0.5606261,0,0,0,1,0.496584
0,0.5697456,0,0,0,1,0.475848
0,0.5690216,0,0,0,1,0.4554444
0,0.5683478,0,0,0,1,0.4361766
0,0.5676665,0,0,0,1,0.4164528
0,0.5670158,0,0,0,1,0.3973539
0,0.5663958,0,0,0,1,0.3789177
0,0.5677781,0,0,0,1,0.3589032
0,0.5718005,0,0,0,1,0.3392433
0,0.5721586,0,0,0,1,0.3196793
0,0.5725375,0,0,0,1,0.3002228
0,0.572955,0,0,0,1,0.2801903
0,0.5758709,0,0,0,1,0.2614593
0,0.5865102,0,0,0,1,0.2427999
0,0.5859106,0,0,0,1,0.2237367
0,0.5872493,0,0,0,1,0.2055897
0,0.6006409,0,0,0,1,0.1874613
0,0.6041945,0,0,0,1,0.1673076
0,0.6035879,0,0,0,1,0.1474023
0,0.6029844,0,0,0,1,0.1275666
0,0.6024144,0,0,0,1,0.1087899
0,0.6018283,0,0,0,1,0.08949896
0,0.6016978,0,0,0,1,0.07053056
0,0.6043857,0,0,0,1,0.05193266
0,0.634919,0,0,0,1,0.03256526
0,0.6343296,0,0,0,1,0.01406786
0,0.5276359,0,0,0,1,0.0240978
0,0.5164969,0,0,0,1,0.0482937
0,0.5058227,0,0,0,1,0.0720468
0,0.4956175,0,0,0,1,0.0953484
0,0.4831603,0,0,0,1,0.1168449
0,0.4738683,0,0,0,1,0.1367559
0,0.4651058,0,0,0,1,0.1574784
0,0.4568926,0,0,0,1,0.1774833
0,0.4465742,0,0,0,1,0.1983648
0,0.4299552,0,0,0,1,0.2198394
0,0.4147227,0,0,0,1,0.2404047
0,0.4033272,0,0,0,1,0.2619714
0,0.3914472,0,0,0,1,0.2829543
0,0.3801253,0,0,0,1,0.304005
0,0.3673406,0,0,0,1,0.3256698
0,0.339771,0,0,0,1,0.346596
0,0.3276078,0,0,0,1,0.3711723
0,0.3137294,0,0,0,1,0.3921045
0,0.3059376,0,0,0,1,0.4132731
0,0.3007311,0,0,0,1,0.4346676
0,0.2953947,0,0,0,1,0.458538
0,0.291294,0,0,0,1,0.4784115
0,0.2827018,0,0,0,1,0.4983972
0,0.2735029,0,0,0,1,0.5176983
0,0.2694421,0,0,0,1,0.5372823
0,0.2668389,0,0,0,1,0.5568147
0,0.2644827,0,0,0,1,0.5766267
0,0.2623591,0,0,0,1,0.5968758
0,0.2604824,0,0,0,1,0.6175908
0,0.2589168,0,0,0,1,0.6378639
0,0.2576724,0,0,0,1,0.657057
0,0.2566617,0,0,0,1,0.6761535
0,0.2558376,0,0,0,1,0.6962334
0,0.2552218,0,0,0,1,0.7175328
0,0.254845,0,0,0,1,0.7405905
0,0.2547358,0,0.001117229,0,1,0.7617684
0,0.2548351,0,0.01602817,0,1,0.7818597
0,0.2546891,0,0.03158969,0,1,0.7590627
0,0.2542444,0,0.05736434,0,1,0.7344798
0,0.2537141,0,0.06452215,0,1,0.7144569
0,0.2530016,0,0.07149923,0,1,0.6942
0,0.2521845,0,0.0782913,0,1,0.6751485
0,0.2512276,0,0.08632004,0,1,0.656157
0,0.2498814,0,0.09454483,0,1,0.6354189
0,0.2483889,0,0.1019847,0,1,0.6154617
0,0.2465431,0,0.1096418,0,1,0.5934702
0,0.2445354,0,0.1167026,0,1,0.5717523
0,0.2427776,0,0.1227174,0,1,0.5520636
0,0.2412094,0,0.1285468,0,1,0.5316909
0,0.2393854,0,0.1343947,0,1,0.509724
0,0.237688,0,0.1392148,0,1,0.4904061
0,0.2359316,0,0.1436502,0,1,0.471444
0,0.2340047,0,0.1479511,0,1,0.4517274
0,0.2320867,0,0.15177,0,1,0.4329933
0,0.2300519,0,0.1553721,0,1,0.4140039
0,0.2276679,0,0.1590741,0,1,0.3927945
0,0.2254388,0,0.1621497,0,1,0.373743
0,0.2230446,0,0.1650642,0,1,0.354075
0,0.2204024,0,0.1678646,0,1,0.3332511
0,0.2176388,0,0.1703417,0,1,0.312858
0,0.2144865,0,0.1726797,0,1,0.2911926
0,0.2115103,0,0.1745723,0,1,0.271434
0,0.2084353,0,0.1772458,0,1,0.2510478
0,0.2058566,0,0.1805084,0,1,0.230625
0,0.2030984,0,0.1837586,0,1,0.2095212
0,0.2003169,0,0.1852349,0,1,0.1888992
0,0.1975049,0,0.178187,0,1,0.1686942
0,0.1947098,0,0.1770143,0,1,0.1491903
0,0.1918112,0,0.1763393,0,1,0.1295538
0,0.189065,0,0.1753485,0,1,0.1091166
0,0.1866035,0,0.1741321,0,1,0.08953624
0,0.184016,0,0.1732932,0,1,0.07009564
0,0.1810652,0,0.1753036,0,1,0.04992544
0,0.1779013,0,0.1772634,0,1,0.02893924
0,0.1747301,0,0.1791389,0,1,0.008499343
0,0.3044559,0,0,0,1,0.0248754
0,0.3013436,0,0,0,1,0.049647
0,0.3000799,0,0,0,1,0.068223
0,0.2987649,0,0,0,1,0.0877425
0,0.2971301,0,0,0,1,0.1072506
0,0.2955769,0,0,0,1,0.1263756
0,0.2940009,0,0,0,1,0.1464942
0,0.2937638,0,0,0,1,0.1661067
0,0.2945988,0,0,0,1,0.1847313
0,0.295517,0,0,0,1,0.2056929
0,0.2963855,0,0,0,1,0.2258865
0,0.2968654,0,0,0,1,0.2449152
0,0.2944673,0,0,0,1,0.2647806
0,0.2911792,0,0,0,1,0.2385744
0,0.2881385,0,0,0,1,0.2150346
0,0.2851062,0,0,0,1,0.1922457
0,0.2834812,0,0,0,1,0.1720155
0,0.2828418,0,0,0,1,0.153348
0,0.2821728,0,0,0,1,0.1341528
0,0.2815045,0,0,0,1,0.1152156
0,0.2801672,0,0,0,1,0.09526949
0,0.2784784,0,0,0,1,0.07477228
0,0.276886,0,0,0,1,0.05587678
0,0.2751893,0,0,0,1,0.03622768
0,0.2749258,0,0,0,1,0.01610729
0,0.1494835,0.1119529,0,0,1,0.0218022
0,0.1502667,0.1090778,0,0,1,0.0476772
0,0.1496676,0.1068926,0,0,1,0.0667548
0,0.1490411,0.1045992,0,0,1,0.0875982
0,0.1501884,0.1055329,0,0,1,0.107925
0,0.1519217,0.1057704,0,0,1,0.1287801
0,0.1535446,0.1034096,0,0,1,0.1489431
0,0.1550142,0.1011404,0,0,1,0.1677246
0,0.1564194,0.09883207,0,0,1,0.1862697
0,0.1553814,0.09731573,0,0,1,0.2056518
0,0.1539803,0.09721184,0,0,1,0.2263578
0,0.1526399,0.09720749,0,0,1,0.247344
0,0.1514317,0.101601,0,0,1,0.2674197
0,0.1503583,0.1057865,0,0,1,0.2863455
0,0.1493196,0.1101505,0,0,1,0.3058644
0,0.1480449,0.1079991,0,0,1,0.2829807
0,0.1466348,0.1040663,0,0,1,0.2587734
0,0.1454362,0.104341,0,0,1,0.2388459
0,0.1440601,0.1053518,0,0,1,0.2168283
0,0.1443705,0.1034139,0,0,1,0.1961607
0,0.1454675,0.1013339,0,0,1,0.1743072
0,0.1465144,0.09947777,0,0,1,0.1545168
0,0.1476822,0.09760344,0,0,1,0.1334745
0,0.1488689,0.09742546,0,0,1,0.1130625
0,0.1502866,0.09897512,0,0,1,0.08985299
0,0.1517435,0.1017009,0,0,1,0.06700648
0,0.1522808,0.1042781,0,0,1,0.04463218
0,0.1535674,0.1066435,0,0,1,0.02340238
0,0.1561579,0.1089437,0,0,1,0.002046883
0,0.1674235,0.1260123,0,0,1,0.0254028
0,0.1634584,0.1259556,0,0,1,0.0535329
0,0.1603258,0.1259005,0,0,1,0.0766734
0,0.1603374,0.1269013,0,0,1,0.0954963
0,0.1609162,0.1284868,0,0,1,0.1155753
0,0.1614494,0.1303485,0,0,1,0.1344726
0,0.16171,0.132373,0,0,1,0.1546728
0,0.1613333,0.1346084,0,0,1,0.1765737
0,0.1621387,0.1368275,0,0,1,0.1979898
0,0.1638601,0.1370304,0,0,1,0.217653
0,0.165796,0.1364059,0,0,1,0.2407365
0,0.167333,0.1358557,0,0,1,0.259698
0,0.1689441,0.1352089,0,0,1,0.2803551
0,0.1703429,0.1354948,0,0,1,0.298968
0,0.1717221,0.1373594,0,0,1,0.3180476
0,0.1714681,0.1392302,0,0,1,0.3362672
0,0.1702194,0.1412422,0,0,1,0.3559004
0,0.1690465,0.1432692,0,0,1,0.3757415
0,0.1679571,0.1435177,0,0,1,0.395666
0,0.1668966,0.1427354,0,0,1,0.4168772
0,0.1660168,0.1419574,0,0,1,0.4361375
0,0.1652115,0.1412685,0,0,1,0.455492
0,0.1644728,0.1422083,0,0,1,0.4752758
0,0.1638009,0.1437747,0,0,1,0.4954004
0,0.1631676,0.1454185,0,0,1,0.5171465
0,0.1626758,0.1466696,0,0,1,0.5366369
0,0.1622297,0.1444107,0,0,1,0.5574437
0,0.1618699,0.1420883,0,0,1,0.5776637
0,0.1615731,0.1409045,0,0,1,0.5985941
0,0.1613578,0.1400337,0,0,1,0.6182739
0,0.1612004,0.1415585,0,0,1,0.6386679
0,0.1611007,0.143094,0,0,1,0.6603867
0,0.1608942,0.1410351,0,0,1,0.6349044
0,0.1605881,0.1370389,0,0,1,0.6080913
0,0.1603006,0.1372049,0,0,1,0.5866527
0,0.1599815,0.1368496,0,0,1,0.5660775
0,0.1596173,0.1392095,0,0,1,0.5453672
0,0.1592091,0.1416529,0,0,1,0.5243523
0,0.1588037,0.1437829,0,0,1,0.5050815
0,0.1583058,0.1452438,0,0,1,0.4834026
0,0.1580669,0.1464543,0,0,1,0.4639188
0,0.1583312,0.1486729,0,0,1,0.4411014
0,0.1586074,0.1506588,0,0,1,0.4205766
0,0.1588908,0.1529244,0.0001206398,0,1,0.401574
0,0.1591799,0.1554042,0.004379034,0,1,0.3822273
0,0.1594993,0.1577699,0.008360624,0,1,0.3630585
0,0.1608453,0.1599227,0.01239389,0,1,0.3423378
0,0.1631525,0.1620125,0.01637405,0,1,0.3203784
0,0.1655009,0.1635413,0.01990211,0,1,0.2994774
0,0.1678609,0.1642916,0.02301192,0,1,0.2797317
0,0.1702833,0.164979,0.0262236,0,1,0.2605401
0,0.173007,0.1656693,0.02968496,0,1,0.2401146
0,0.1758869,0.1669972,0.03300416,0,1,0.2196267
0,0.1755087,0.1687243,0.03627157,0,1,0.1984662
0,0.1746625,0.1646654,0.03926337,0,1,0.1781592
0,0.1736507,0.1617909,0.04253763,0,1,0.1546197
0,0.1727129,0.1610484,0.04534239,0,1,0.133341
0,0.1717723,0.1603241,0.04794091,0,1,0.1124967
0,0.1707668,0.1595829,0.05003721,0,1,0.09086134
0,0.1697711,0.1579144,0.05127394,0,1,0.06997924
0,0.1692207,0.1561397,0.05237371,0,1,0.04719724
0,0.1695254,0.1545988,0.05315787,0,1,0.02689804
0,0.1698837,0.1531066,0.05373794,0,1,0.006699337
0,0.3061957,0,0.1489124,0,1,0.0285531
0,0.3103454,0,0.1536239,0,1,0.055398
0,0.3122147,0,0.1572585,0,1,0.07575271
0,0.3135907,0,0.1599574,0,1,0.09708031
0,0.314934,0,0.1617642,0,1,0.1183938
0,0.3162519,0,0.1637722,0,1,0.1397826
0,0.3174613,0,0.1658264,0,1,0.1598463
0,0.3196951,0,0.1683303,0,1,0.182265
0,0.3231063,0,0.1709244,0,1,0.2037321
0,0.3232973,0,0.1736318,0,1,0.224655
0,0.3234664,0,0.1767911,0,1,0.2474307
0,0.3236097,0,0.1794503,0,1,0.2656377
0,0.3246277,0,0.1836519,0,1,0.2877876
0,0.3256658,0,0.1876189,0,1,0.3072657
0,0.3267,0,0.1917233,0,1,0.3270987
0,0.3276479,0,0.1956177,0,1,0.3456357
0,0.3285642,0,0.1995159,0,1,0.3639459
0,0.3295425,0,0.2037067,0,1,0.3840537
0,0.3304876,0,0.2072762,0,1,0.4039104
0,0.3309915,0,0.2111229,0,1,0.4242054
0,0.3313528,0,0.2152088,0,1,0.444726
0,0.3317094,0,0.2194559,0,1,0.4651038
0,0.3320466,0,0.2236533,0,1,0.4844574
0,0.3323678,0,0.2278371,0,1,0.5030757
0,0.3326751,0,0.2320107,0,1,0.5210607
0,0.3330016,0,0.2366977,0,1,0.5406303
0,0.3333585,0,0.2422071,0,1,0.5628771
0,0.3336781,0,0.2473701,0,1,0.5831411
0,0.3339847,0,0.2526515,0,1,0.6033468
0,0.3342955,0,0.2584383,0,1,0.6249264
0,0.3345945,0,0.2644727,0,1,0.6469068
0,0.3349581,0,0.2704321,0,1,0.6242208
0,0.3360497,0,0.2771562,0,1,0.5970786
0,0.3371133,0,0.2819337,0,1,0.5768331
0,0.338196,0,0.2863454,0,1,0.5579994
0,0.3394637,0,0.2909236,0,1,0.537663
0,0.3402603,0,0.2950628,0,1,0.5183703
0,0.340578,0,0.2998711,0,1,0.4949166
0,0.3409235,0,0.3042212,0,1,0.4728146
0,0.3413069,0,0.3083637,0,1,0.4508618
0,0.3423523,0,0.3120156,0,1,0.4307729
0,0.3436168,0,0.3154551,0,1,0.4111337
0,0.3450367,0,0.3189469,0,1,0.3903632
0,0.3464151,0,0.3226866,0,1,0.3712949
0,0.3480638,0,0.3271596,0,1,0.3497546
0,0.3496492,0,0.3312159,0,1,0.3300425
0,0.3514391,0,0.3355188,0,1,0.308933
0,0.3531504,0,0.3397043,0,1,0.2882181
0,0.3541045,0,0.343693,0,1,0.2683043
0,0.3551986,0,0.3479942,0,1,0.246626
0,0.3561946,0,0.3517102,0,1,0.2277651
0,0.357294,0,0.355606,0,1,0.2078214
0,0.3584825,0,0.3596138,0,1,0.1871313
0,0.3598034,0,0.3638387,0,1,0.1651254
0,0.361038,0,0.3671383,0,1,0.1452762
0,0.3627874,0,0.3702787,0,1,0.1235343
0,0.3650624,0,0.3734536,0,1,0.1009695
0,0.3674473,0,0.3762686,0,1,0.08048696
0,0.370353,0,0.3789288,0,1,0.06066356
0,0.3734058,0,0.3821487,0,1,0.04037036
0,0.3763716,0,0.3865433,0,1,0.02109656
0,0.3794975,0,0.3910658,0,1,0.001247365
0,0.5238657,0,0.2408379,0,1,0.0270159
0,0.5267513,0,0.229648,0,1,0.0541362
0,0.5288452,0,0.2267956,0,1,0.0740958
0,0.5318581,0,0.2243765,0,1,0.0933123
0,0.535999,0,0.2219966,0,1,0.1158117
0,0.5368674,0,0.2110664,0,1,0.1359051
0,0.5389625,0,0.198859,0,1,0.1557339
0,0.5425324,0,0.1913161,0,1,0.1757295
0,0.5461885,0,0.1767616,0,1,0.1964838
0,0.5499198,0,0.169006,0,1,0.21795
0,0.5537106,0,0.1648347,0,1,0.240042
0,0.5559808,0,0.1612666,0,1,0.2598339
0,0.5578996,0,0.1586099,0,1,0.2790474
0,0.5597578,0,0.1567639,0,1,0.2978328
0,0.5616105,0,0.1570832,0,1,0.3166983
0,0.5642416,0,0.1600165,0,1,0.3378684
0,0.569167,0,0.1630775,0,1,0.3580248
0,0.5736263,0,0.166086,0,1,0.3763866
0,0.5760455,0,0.1680611,0,1,0.3974346
0,0.5766027,0,0.1707951,0,1,0.4185906
0,0.5773343,0,0.1752799,0,1,0.3928344
0,0.5780836,0,0.1791696,0,1,0.3683535
0,0.5768447,0,0.1824287,0,1,0.3459489
0,0.5746538,0,0.1850197,0,1,0.3266433
0,0.5725069,0,0.18734,0,1,0.3078528
0,0.5701939,0,0.1895887,0,1,0.2877807
0,0.5698016,0,0.1916231,0,1,0.2676318
0,0.5697787,0,0.1933002,0,1,0.2492022
0,0.5697694,0,0.1948081,0,1,0.2305647
0,0.5697738,0,0.196164,0,1,0.2114001
0,0.5698539,0,0.1974103,0,1,0.1904793
0,0.5701017,0,0.1982491,0,1,0.1688478
0,0.5708317,0,0.1962004,0,1,0.1468053
0,0.5715045,0,0.1940619,0,1,0.1271847
0,0.5721759,0,0.191682,0,1,0.1081344
0,0.5728137,0,0.1892218,0,1,0.09051958
0,0.5735284,0,0.1865649,0,1,0.07123677
0,0.5743384,0,0.1856344,0,1,0.04988968
0,0.5748338,0,0.1852867,0,1,0.03021868
0,0.5723752,0,0.1847423,0,1,0.01075648
0,0.5232354,0,0,0,1,0.0248376
0,0.5202748,0,0,0,1,0.0501252
0,0.519273,0,0,0,1,0.0717447
0,0.5200165,0,0,0,1,0.09226561
0,0.5207604,0,0,0,1,0.1129758
0,0.5189941,0,0,0,1,0.1336287
0,0.5158823,0,0,0,1,0.1534863
0,0.5142102,0,0,0,1,0.1750548
0,0.5137888,0,0,0,1,0.1940439
0,0.513389,0,0,0,1,0.2129214
0,0.5129931,0,0,0,1,0.2325903
0,0.5126216,0,0,0,1,0.2520468
0,0.5121953,0,0,0,1,0.2729427
0,0.5112036,0,0,0,1,0.2928054
0,0.5101725,0,0,0,1,0.3143763
0,0.509236,0,0,0,1,0.3348549
0,0.5083221,0,0,0,1,0.3558468
0,0.5074511,0,0,0,1,0.3768648
0,0.5075073,0,0,0,1,0.3974106
0,0.5082279,0,0,0,1,0.4190583
0,0.5089093,0,0,0,1,0.4394181
0,0.5095438,0,0,0,1,0.4582272
0,0.508873,0,0.004079461,0,1,0.4822413
0,0.5063016,0,0.01116353,0,1,0.5048521
0,0.5038975,0,0.01877475,0,1,0.5271577
0,0.5033567,0,0.02600539,0,1,0.547546
0,0.5029482,0,0.0343132,0,1,0.5700862
0,0.5025958,0,0.04227751,0,1,0.591832
0,0.502236,0,0.05180693,0,1,0.6166681
0,0.5019526,0,0.06129801,0,1,0.6392164
0,0.5017105,0,0.07090509,0,1,0.6615001
0,0.5015203,0,0.07990217,0,1,0.6819814
0,0.5013502,0,0.08950347,0,1,0.7034452
0,0.5012122,0,0.09908986,0,1,0.7245559
0,0.5003862,0,0.1081965,0,1,0.7443739
0,0.4995061,0,0.1175122,0,1,0.7649506
0,0.4987366,0,0.1263093,0,1,0.7844803
0,0.4980493,0,0.1349058,0,1,0.8034238
0,0.4973651,0,0.1443117,0,1,0.8240047
0,0.4967322,0,0.155857,0,1,0.8449675
0,0.4961535,0,0.1686438,0,1,0.8663005
0,0.4956333,0,0.1795453,0,1,0.8877609
0,0.4950311,0,0.1894697,0,1,0.8640589
0,0.4944184,0,0.1987846,0,1,0.8406612
0,0.4938024,0,0.207499,0,1,0.817683
0,0.4932331,0,0.2151282,0,1,0.7966701
0,0.4926302,0,0.2229688,0,1,0.7740654
0,0.4923396,0,0.229872,0,1,0.7533228
0,0.4920578,0,0.2364977,0,1,0.7325925
0,0.4917716,0,0.2431618,0,1,0.7108533
0,0.4914746,0,0.2500376,0,1,0.6874077
0,0.4910839,0,0.2566929,0,1,0.6658968
0,0.4904492,0,0.2629746,0,1,0.6454101
0,0.4898371,0,0.2685118,0,1,0.6256413
0,0.4892425,0,0.2734099,0,1,0.6063631
0,0.4886041,0,0.2784528,0,1,0.5857093
0,0.488019,0,0.282946,0,1,0.566638
0,0.48742,0,0.2873908,0,1,0.5470576
0,0.4868511,0,0.2915006,0,1,0.5283106
0,0.4862138,0,0.2957371,0,1,0.5073037
0,0.4855509,0,0.2996064,0,1,0.4853239
0,0.4855385,0,0.302825,0,1,0.4656127
0,0.4856299,0,0.3065749,0,1,0.4456984
0,0.4854525,0,0.3106269,0,1,0.4237621
0,0.4852786,0,0.3144586,0,1,0.4022494
0,0.4851372,0,0.3178623,0,1,0.3824965
0,0.4850151,0,0.3210855,0,1,0.3631567
0,0.484909,0,0.3241917,0,1,0.3438892
0,0.4848166,0,0.327234,0,1,0.3243625
0,0.4847369,0,0.3302989,0,1,0.3039598
0,0.4860275,0,0.3331415,0,1,0.2843728
0,0.4873434,0,0.3359381,0,1,0.2643721
0,0.4879894,0,0.3387678,0,1,0.2433178
0,0.4900205,0,0.3413498,0,1,0.2233657
0,0.4923882,0,0.3441322,0,1,0.2008717
0,0.4946005,0,0.3456371,0,1,0.1804885
0,0.4968264,0,0.3462161,0,1,0.1605448
0,0.499013,0,0.3466209,0,1,0.1414456
0,0.5015755,0,0.3474417,0,1,0.1196563
0,0.5025707,0,0.3492192,0,1,0.09911413
0,0.5035128,0,0.3508617,0,1,0.07886294
0,0.5044488,0,0.3523508,0,1,0.05922194
0,0.5054997,0,0.3538014,0,1,0.03771254
0,0.5064553,0,0.3547655,0,1,0.01852844
0,0.2521935,0.09401786,0,0,1,0.0299298
0,0.2552506,0.09550989,0,0,1,0.0542706
0,0.2578354,0.09692866,0,0,1,0.0767898
0,0.2599465,0.09813875,0,0,1,0.0956265
0,0.2621316,0.09986144,0,0,1,0.1156485
0,0.264614,0.1023581,0,0,1,0.1391217
0,0.2668917,0.1048359,0,0,1,0.1612929
0,0.2692829,0.107318,0,0,1,0.1831107
0,0.271162,0.1098635,0,0,1,0.2037135
0,0.272656,0.1135986,0,0,1,0.2235165
0,0.2744125,0.1177284,0,0,1,0.2443287
0,0.276134,0.1292973,0,0,1,0.2653314
0,0.2776775,0.1325703,0,0,1,0.2846676
0,0.2792099,0.137776,0,0,1,0.3044292
0,0.2808514,0.1413438,0,0,1,0.3263403
0,0.2823002,0.1426397,0,0,1,0.3462588
0,0.2836807,0.1456307,0,0,1,0.3658446
0,0.2850257,0.1489541,0,0,1,0.3855714
0,0.2858979,0.1510122,0,0,1,0.4035567
0,0.2866061,0.1533566,0,0,1,0.423288
0,0.2872974,0.1582726,0,0,1,0.4431759
0,0.2879023,0.1618372,0,0,1,0.4610463
0,0.2887903,0.1664427,0,0,1,0.4370358
0,0.289739,0.1705889,0,0,1,0.4136301
0,0.2905967,0.1732003,0,0,1,0.394038
0,0.2914928,0.17895,0,0,1,0.3748872
0,0.2925156,0.1817653,0,0,1,0.3543855
0,0.2936363,0.184585,0,0,1,0.3333234
0,0.2947691,0.1871754,0,0,1,0.3132534
0,0.2964883,0.1888463,0,0,1,0.2932353
0,0.2982857,0.1893941,0,0,1,0.2747424
0,0.300309,0.1908098,0,0,1,0.2561706
0,0.3024752,0.1922096,0,0,1,0.2371104
0,0.3046243,0.1933532,0,0,1,0.2189133
0,0.3069666,0.1937144,0,0,1,0.1998264
0,0.309437,0.1944242,0,0,1,0.1804323
0,0.311815,0.1956532,0,0,1,0.1623786
0,0.3145529,0.1969743,0,0,1,0.1423026
0,0.3164348,0.1976575,0,0,1,0.1215297
0,0.3178859,0.1978598,0,0,1,0.1025274
0,0.3194586,0.197828,0,0,1,0.08258009
0,0.3209543,0.1972893,0,0,1,0.06413039
0,0.3225705,0.1967325,0,0,1,0.04473809
0,0.3255869,0.1961245,0,0,1,0.02307839
0,0.3282891,0.1961273,0,0,1,0.003229788
0,0.3479349,0.06282073,0,0,1,0.0258522
0,0.3476639,0.0599426,0,0,1,0.0514641
0,0.3474541,0.05600882,0,0,1,0.0722853
0,0.3467762,0.0522548,0,0,1,0.0915546
0,0.343523,0.04806292,0,0,1,0.112374
0,0.3417288,0.0436911,0,0,1,0.1333785
0,0.3415639,0.0416131,0,0,1,0.154695
0,0.3414103,0.04075676,0.0002496243,0,1,0.1766154
0,0.3412969,0.04046255,0.002190351,0,1,0.1947627
0,0.3397211,0.04012138,0.00450021,0,1,0.214185
0,0.324688,0.03962499,0.007093251,0,1,0.2339808
0,0.3167218,0.0396775,0.01014036,0,1,0.2551809
0,0.3153977,0.0397132,0.01249069,0,1,0.2756115
0,0.3149267,0.03971636,0.01493514,0,1,0.294162
0,0.3144616,0.03921312,0.01823777,0,1,0.3160713
0,0.3140851,0.03824776,0.02168977,0,1,0.3352572
0,0.3136936,0.03708994,0.02604753,0,1,0.3568509
0,0.3132536,0.03576303,0.0306046,0,1,0.3325614
0,0.3128036,0.03293806,0.03494936,0,1,0.3075162
0,0.3124344,0.03021741,0.03834975,0,1,0.2865516
0,0.3117502,0.02759123,0.04143739,0,1,0.2661339
0,0.3108208,0.02503526,0.04422742,0,1,0.2463225
0,0.3109365,0.02222121,0.04694074,0,1,0.2254524
0,0.3110899,0.01907754,0.04974085,0,1,0.2016771
0,0.3112341,0.01657265,0.05184466,0,1,0.1822233
0,0.3114083,0.01384699,0.05390596,0,1,0.1610961
0,0.3115859,0.0107559,0.03956819,0,1,0.1414578
0,0.3109396,0.007463932,0.04124755,0,1,0.1200186
0,0.3093224,0.004175127,0.04272896,0,1,0.09800941
0,0.3095542,0.00122261,0.004607022,0,1,0.07771861
0,0.3097714,0,0.00550431,0,1,0.05958691
0,0.3100096,0,0.006258011,0,1,0.04049851
0,0.3102812,0,0.006855011,0,1,0.01952821
0,0.318836,0,0,0,1,0.0242403
0,0.3205926,0.001731813,0,0,1,0.0485877
0,0.3219516,0.00143671,0,0,1,0.0678225
0,0.3222056,0.001108944,0,0,1,0.0881709
0,0.3224503,0.006925881,0,0,1,0.1078566
0,0.3227003,0.01050812,0,0,1,0.1279302
0,0.3229403,0.01020044,0,0,1,0.1471098
0,0.323405,0.009854138,0,0,1,0.1672431
0,0.3243625,0.01038152,0,0,1,0.187158
0,0.3252685,0.01341766,0,0,1,0.2063322
0,0.3256506,0.01400566,0,0,1,0.2275887
0,0.3259153,0.01454622,0,0,1,0.2476191
0,0.326191,0.01519889,0,0,1,0.2681958
0,0.3264757,0.01895851,0,0,1,0.2891445
0,0.3267963,0.03976655,0,0,1,0.3125436
0,0.3270802,0.03906685,0,0,1,0.3327612
0,0.3276809,0.04053819,0,0,1,0.3522648
0,0.3285994,0.04507554,0,0,1,0.3277449
0,0.3293056,0.04429817,0,0,1,0.3029751
0,0.3297164,0.04360396,0,0,1,0.2817699
0,0.3301027,0.04559767,0,0,1,0.2632512
0,0.3306059,0.04542136,0,0,1,0.2407398
0,0.3310617,0.04524881,0,0,1,0.2216574
0,0.3316168,0.04503244,0,0,1,0.1997673
0,0.3325147,0.0452612,0,0,1,0.179676
0,0.3336702,0.04462874,0,0,1,0.1590819
0,0.334313,0.04400665,0,0,1,0.138804
0,0.3349231,0.04340547,0,0,1,0.1190838
0,0.3355644,0.04280436,0,0,1,0.09916889
0,0.3362865,0.04233289,0,0,1,0.07759499
0,0.336989,0.04168236,0,0,1,0.05730989
0,0.3380903,0.0410772,0,0,1,0.03801599
0,0.3390323,0.04047388,0,0,1,0.01825319
0,0.2081933,0,0,0,1,0.022068
0,0.2080448,0,0,0,1,0.048834
0,0.2079381,0,0,0,1,0.069603
0,0.2078269,0,0,0,1,0.0893298
0,0.20734,0,0,0,1,0.1091211
0,0.2079628,0,0,0,1,0.1286784
0,0.2086098,0,0,0,1,0.1494933
0,0.2091746,0,0,0,1,0.167961
0,0.209798,0,0,0,1,0.1888557
0,0.210333,0,0,0,1,0.2070612
0,0.2109334,0,0,0,1,0.2280021
0,0.2107536,0,0,0,1,0.24999
0,0.2101227,0,0,0,1,0.2696349
0,0.2107218,0,0,0,1,0.2919849
0,0.2112411,0,0,0,1,0.3117024
0,0.2118711,0,0,0,1,0.3366189
0,0.2123628,0,0,0,1,0.3563709
0,0.2128554,0,0,0,1,0.3767784
0,0.2133275,0,0,0,1,0.3969534
0,0.2138038,0,0,0,1,0.4181019
0,0.2142577,0,0,0,1,0.4390722
0,0.2143953,0,0,0,1,0.4600317
0,0.2136881,0,0,0,1,0.4809111
0,0.2130448,0,0,0,1,0.5020776
0,0.2121355,0,0,0,1,0.4747383
0,0.2123762,0,0,0,1,0.4491522
0,0.2129776,0,0,0,1,0.4274979
0,0.2136111,0,0,0,1,0.4068324
0,0.2142959,0,0,0,1,0.3863985
0,0.2150502,0,0,0,1,0.3656904
0,0.2158051,0,0,0,1,0.3464774
0,0.2167513,0,0,0,1,0.3241476
0,0.2161396,0,0,0,1,0.3040602
0,0.2100127,0,0,0,1,0.2840793
0,0.2033319,0,0,0,1,0.263028
0,0.1964824,0,0,0,1,0.242154
0,0.1935951,0,0,0,1,0.2221812
0,0.1940469,0,0,0,1,0.2001498
0,0.1945242,0,0,0,1,0.1793172
0,0.1950135,0,0,0,1,0.1592526
0,0.1955409,0,0,0,1,0.1388034
0,0.1961322,0,0,0,1,0.1171179
0,0.1966964,0,0,0,1,0.09740008
0,0.1962149,0,0,0,1,0.07665808
0,0.1975068,0,0,0,1,0.05609398
0,0.1991624,0,0,0,1,0.03629008
0,0.2011718,0,0,0,1,0.01308238
0,0.09904456,0,0,0,1,0.0257163
0,0.0999037,0,0,0,1,0.050043
0,0.09932059,0.0001312494,0,0,1,0.0683817
0,0.09674472,0.01330161,0,0,1,0.0879654
0,0.09807229,0.01141661,0,0,1,0.1058151
0,0.09952933,0.009200454,0,0,1,0.1260945
0,0.1007987,0.01055723,0,0,1,0.1443006
0,0.1020752,0.01283598,0,0,1,0.1632246
0,0.1033164,0.01056206,0,0,1,0.1822542
0,0.1015328,0.008086324,0,0,1,0.2022648
0,0.09750062,0.005476713,0,0,1,0.2238057
0,0.09399492,0.00612253,0,0,1,0.243642
0,0.09065664,0.007514119,0,0,1,0.2637222
0,0.09064555,0.02375466,0,0,1,0.2829174
0,0.09160042,0.02095884,0,0,1,0.3018489
0,0.09251076,0.02089101,0,0,1,0.3207573
0,0.08348662,0.02558076,0,0,1,0.341826
0,0.08361018,0.02257675,0,0,1,0.3601608
0,0.08373612,0.01938254,0,0,1,0.3789885
0,0.08386075,0.01779944,0,0,1,0.3979308
0,0.08398813,0.01826942,0,0,1,0.4178193
0,0.08410907,0.01896507,0,0,1,0.437289
0,0.08421618,0.02439553,0,0,1,0.455112
0,0.08432615,0.02621478,0,0,1,0.4751589
0,0.08441728,0.03038114,0,0,1,0.4927227
0,0.08450258,0.02876443,0,0,1,0.5111142
0,0.08457834,0.02482587,0,0,1,0.5303814
0,0.08470035,0.02702695,0,0,1,0.5075796
0,0.08486772,0.02312684,0,0,1,0.4842507
0,0.08504236,0.02018756,0,0,1,0.4649373
0,0.08498973,0.02116847,0,0,1,0.4433745
0,0.08468628,0.02536547,0,0,1,0.4240296
0,0.08438891,0.03326303,0,0,1,0.4058931
0,0.08462614,0.02902275,0,0,1,0.3865158
0,0.08563805,0.03461486,0,0,1,0.3677823
0,0.08686417,0.03424144,0,0,1,0.3470598
0,0.08803177,0.03034914,0,0,1,0.3288075
0,0.08933359,0.02635735,0,0,1,0.309909
0,0.09070528,0.02702713,0,0,1,0.2913042
0,0.09217095,0.02570754,0,0,1,0.2726661
0,0.09371358,0.02440095,0,0,1,0.2541873
0,0.09534675,0.03085935,0,0,1,0.2322471
0,0.09436613,0.02984703,0,0,1,0.2124042
0,0.09339714,0.03691268,0,0,1,0.1933965
0,0.09421837,0.04191625,0,0,1,0.1737327
0,0.09642828,0.03824079,0,0,1,0.1538364
0,0.098831,0.03451592,0,0,1,0.1332147
0,0.1012018,0.03107297,0,0,1,0.113721
0,0.1009582,0.03140152,0,0,1,0.09462783
0,0.09843111,0.02869165,0,0,1,0.07528323
0,0.09588385,0.02592605,0,0,1,0.05637003
0,0.09336555,0.02334046,0,0,1,0.03820893
0,0.09461945,0.02060884,0,0,1,0.01841913
0,0.1175931,0.02008623,0,0,1,0.0226377
0,0.1089717,0.01800072,0,0,1,0.0464157
0,0.1022036,0.0163092,0,0,1,0.0650895
0,0.09707415,0.01458955,0,0,1,0.08348671
0,0.09634107,0.01758134,0,0,1,0.1008162
0,0.09756875,0.02156663,0,0,1,0.1216545
0,0.09896469,0.02978647,0,0,1,0.1415949
0,0.1003255,0.03341323,0,0,1,0.1617075
0,0.1016596,0.02930635,0,0,1,0.1821651
0,0.1028302,0.02546918,0,0,1,0.2007066
0,0.1039573,0.02292472,0,0,1,0.2191884
0,0.1042108,0.02231216,0,0,1,0.2391318
0,0.1036369,0.01929802,0,0,1,0.2580987
0,0.1030853,0.01608407,0,0,1,0.2776521
0,0.1040514,0.01321107,0,0,1,0.2981967
0,0.1055629,0.02441561,0,0,1,0.316827
0,0.1071407,0.03726333,0,0,1,0.3373947
0,0.1085091,0.03231603,0,0,1,0.3561831
0,0.1097823,0.02729446,0,0,1,0.3746694
0,0.1109536,0.02463675,0,0,1,0.3926907
0,0.1121267,0.02126503,0,0,1,0.4120329
0,0.1131366,0.01630938,0,0,1,0.4298184
0,0.1115567,0.01090646,0,0,1,0.4485912
0,0.1091014,0.01203215,0,0,1,0.4674189
0,0.1069599,0.03089601,0,0,1,0.4861227
0,0.1051964,0.03090906,0,0,1,0.5038005
0,0.1034157,0.0234713,0,0,1,0.5253291
0,0.1021699,0.02215356,0,0,1,0.5436648
0,0.1011333,0.01494735,0,0,1,0.5631741
0,0.1004194,0.008061647,0,0,1,0.5811927
0,0.09992385,0.002139449,0,0,1,0.6003475
0,0.0996834,0,0,0,1,0.6195781
0,0.09968901,0,0,0,1,0.6386332
0,0.09992564,0,0,0,1,0.6575191
0,0.1004238,0,0,0,1,0.6775408
0,0.1011448,0,0,0,1,0.6972514
0,0.1021041,0,0,0,1,0.7172719
0,0.1031303,0,0,0,1,0.7350805
0,0.1044078,0,0,0,1,0.7540495
0,0.1058093,0,0,0,1,0.7724041
0,0.1073638,0,0,0,1,0.7907248
0,0.1091162,0,0,0,1,0.8095329
0,0.1110518,0,0,0,1,0.8286864
0,0.1109955,0,0,0,1,0.8483157
0,0.1092115,0,0,0,1,0.868455
0,0.1070549,0,0,0,1,0.8900163
0,0.1050169,0,0,0,1,0.9084957
0,0.1026025,0,0,0,1,0.9283011
0,0.1000838,0,0,0,1,0.9471543
0,0.09729421,0,0,0,1,0.9662493
0,0.09649539,0,0,0,1,0.9852705
0,0.09597015,0,0,0,1,1
0,0.09542823,0,0,0,1,1
0,0.093126,0,0,0,1,1
0,0.09063911,0,0,0,1,1
0,0.08803374,0,0,0,1,1
0,0.08521634,0,0,0,1,1
0,0.08234102,0,0,0,1,1
0,0.07939005,0,0,0,1,1
0,0.07677287,0,0,0,1,1
0,0.07582963,0,0,0,1,1
0,0.0765602,0,0,0,1,1
0,0.0784691,0,0,0,1,1
0,0.08039153,0,0,0,1,1
0,0.08237684,0,0,0,1,1
0,0.08424437,0,0,0,1,0.9776173
0,0.0860464,0,0,0,1,0.9533419
0,0.08344561,0,0,0,1,0.9328735
0,0.07968611,0,0,0,1,0.9143002
0,0.07597274,0,0,0,1,0.8953312
0,0.07236367,0,0,0,1,0.8761738
0,0.06871277,0,0,0,1,0.855874
0,0.0657739,0,0,0,1,0.8360833
0,0.06459123,0,0,0,1,0.8170648
0,0.06350076,0,0,0,1,0.7982773
0,0.06250972,0,0,0,1,0.7798051
0,0.06152803,0,0,0,1,0.7596439
0,0.06030554,0,0,0,1,0.7391499
0,0.05849761,0,0,0,1,0.7204098
0,0.0566867,0,0,0,1,0.697755
0,0.0554055,0,0,0,1,0.6778908
0,0.0544216,0,0,0,1,0.6572397
0,0.0538246,0,0,0,1,0.6380028
0,0.05356061,0,0,0,1,0.619224
0,0.0536319,0,0,0,1,0.6002961
0,0.05411619,0,0,0,1,0.5799099
0,0.05509639,0,0.002996624,0,1,0.5584643
0,0.05634993,0,0.008165061,0,1,0.5395169
0,0.05809098,0,0.0134266,0,1,0.5197235
0,0.06011891,0,0.01824117,0,1,0.501177
0,0.06149465,0,0.02304596,0,1,0.48222
0,0.06262892,0,0.02843934,0,1,0.4627656
0,0.06394368,0,0.0338614,0,1,0.4431807
0,0.06546676,0,0.03861809,0,1,0.4232106
0,0.06773454,0,0.04266816,0,1,0.4031043
0,0.07245505,0,0.04611635,0,1,0.3844818
0,0.08878052,0,0.06085467,0,1,0.3128415
0,0.08799165,0,0.06576109,0,1,0.2884872
0,0.08728391,0,0.06992209,0,1,0.2673381
0,0.08649886,0,0.07398087,0,1,0.2448018
0,0.08575082,0,0.0753212,0,1,0.2239881
0,0.08522367,0,0.07758415,0,1,0.2503728
0,0.08783531,0,0.08011949,0,1,0.2744502
0,0.0931828,0,0.08289725,0,1,0.2969998
0,0.098019,0,0.08551979,0,1,0.3159952
0,0.1028817,0,0.08859998,0,1,0.3361081
0,0.1078215,0,0.09226274,0,1,0.3577858
0,0.111824,0,0.09563202,0,1,0.3762684
0,0.115227,0,0.09926927,0,1,0.394899
0,0.1168029,0,0.1034527,0,1,0.4149567
0,0.1182051,0,0.1076966,0,1,0.4341544
0,0.1194918,0,0.1121426,0,1,0.4532392
0,0.1206623,0,0.1167737,0,1,0.472192
0,0.1237788,0,0.1215709,0,1,0.4909927
0,0.1276149,0,0.1270055,0,1,0.5113935
0,0.1310985,0,0.1328058,0,1,0.5323104
0,0.1339872,0,0.1385019,0,1,0.5521476
0,0.136498,0,0.1445713,0,1,0.5726007
0,0.1384857,0,0.1506757,0,1,0.5925768
0,0.1399956,0,0.1570489,0,1,0.6128736
0,0.1409506,0,0.1633432,0,1,0.6324444
0,0.1413549,0,0.1702202,0,1,0.6533359
0,0.1412213,0,0.1762482,0,1,0.67132
0,0.1404852,0,0.1827745,0,1,0.6904467
0,0.1388751,0,0.1901481,0,1,0.7116777
0,0.1366286,0,0.1970343,0,1,0.7313955
0,0.1331539,0,0.2027435,0,1,0.7531105
0,0.1288513,0,0.2081625,0,1,0.7736764
0,0.1231335,0,0.2138258,0,1,0.7951393
0,0.1191426,0,0.221225,0,1,0.7665091
0,0.1180338,0,0.2304077,0,1,0.7417867
0,0.1173371,0,0.2375311,0,1,0.7226497
0,0.1167624,0,0.2449727,0,1,0.7013776
0,0.11641,0,0.2516114,0,1,0.6812503
0,0.1162558,0,0.2580502,0,1,0.6605155
0,0.1163017,0,0.2636917,0,1,0.6413047
0,0.1165684,0,0.2693448,0,1,0.6208753
0,0.1170632,0,0.2746674,0,1,0.6004585
0,0.1177944,0,0.2796873,0,1,0.5800084
0,0.1187291,0,0.2842655,0,1,0.5602327
0,0.120291,0,0.2886656,0,1,0.5400352
0,0.1283019,0,0.2925183,0,1,0.5213194
0,0.1397616,0,0.2966383,0,1,0.4999201
0,0.1433991,0,0.3004076,0,1,0.4789972
0,0.1433548,0,0.3040016,0,1,0.4576006
0,0.1433272,0,0.3070291,0,1,0.4383913
0,0.1433121,0,0.3097275,0,1,0.4201573
0,0.1433074,0,0.312427,0,1,0.4005724
0,0.143316,0,0.3148567,0,1,0.3816556
0,0.1433409,0,0.3174433,0,1,0.3609049
0,0.1433836,0,0.3221934,0,1,0.3400366
0,0.1434433,0,0.3267616,0,1,0.3199522
0,0.1461703,0,0.3311574,0,1,0.3006136
0,0.1506836,0,0.3359342,0,1,0.2795842
0,0.167342,0,0.3402612,0,1,0.258496
0,0.1844543,0,0.3427154,0,1,0.2392996
0,0.1896187,0,0.3451544,0,1,0.2194039
0,0.213474,0,0.3475516,0,1,0.1989553
0,0.2130257,0,0.3498398,0,1,0.1785175
0,0.2126006,0,0.3518996,0,1,0.159277
0,0.2121575,0,0.3539192,0,1,0.1394746
0,0.2124942,0,0.3559104,0,1,0.1188871
0,0.2184525,0,0.3601758,0,1,0.09888609
0,0.2345321,0,0.367016,0,1,0.0783907
0,0.2592319,0,0.3738752,0,1,0.05807649
0,0.2629116,0,0.3818779,0,1,0.03467559
0,0.2660335,0,0.3885539,0,1,0.01534989
0,0,0.2163892,0,0,1,0.0250905
0,0,0.217054,0,0,1,0.0491775
0,0,0.2176306,0,0,1,0.0697272
0,0,0.2186748,0,0,1,0.0901449
0,0,0.2211996,0,0,1,0.1099458
0,0,0.2233873,0,0,1,0.1281351
0,0,0.2239375,0,0,1,0.1471932
0,0,0.2244555,0,0,1,0.1651983
0,0,0.2250814,0,0,1,0.1423221
0,0,0.2274826,0,0,1,0.1169211
0,0,0.2289742,0,0,1,0.0958941
0,0,0.2294359,0,0,1,0.0762939
0,0,0.2298917,0,0,1,0.0561969
0,0,0.2303232,0,0,1,0.0364824
0,0,0.2310657,0,0,1,0.0178629
0,0,0.2359339,0,0,1,0.0254094
0,0,0.2348753,0,0,1,0.0488436
0,0,0.2353379,0,0,1,0.0696846
0,0,0.2357916,0,0,1,0.0899169
0,0,0.2362357,0,0,1,0.1096347
0,0,0.2359337,0,0,1,0.1303026
0,0,0.2323393,0,0,1,0.149142
0,0,0.2327573,0,0,1,0.1679661
0,0,0.2332127,0,0,1,0.1887456
0,0,0.2336477,0,0,1,0.2090736
0,0,0.2049708,0,0,1,0.2297082
0,0,0.2041119,0,0,1,0.2489001
0,0,0.2040327,0,0,1,0.268758
0,0,0.203928,0,0,1,0.28767
0,0,0.2037816,0,0,1,0.307998
0,0,0.2028278,0,0,1,0.3259119
0,0,0.2031026,0,0,1,0.3455004
0,0,0.203379,0,0,1,0.3220791
0,0,0.2036024,0,0,1,0.2985654
0,0,0.2015915,0,0,1,0.2779764
0,0,0.2017266,0,0,1,0.2547489
0,0,0.2018043,0,0,1,0.2364432
0,0,0.2018631,0,0,1,0.2173812
0,0,0.1967035,0,0,1,0.1964094
0,0,0.1967233,0,0,1,0.1761546
0,0,0.196726,0,0,1,0.1573926
0,0,0.1967155,0,0,1,0.1382115
0,0,0.1861444,0,0,1,0.1185393
0,0,0.1728656,0,0,1,0.09945089
0,0,0.1687521,0,0,1,0.07986869
0,0,0.1679375,0,0,1,0.05907689
0,0,0.1671703,0,0,1,0.03908129
0,0,0.1663525,0,0,1,0.01720439
0,0.1118648,0.04337686,0,0,1,0.0232836
0,0.1123688,0.0433113,0,0,1,0.046437
0,0.112422,0.04324394,0,0,1,0.0677577
0,0.112473,0.043154,0,0,1,0.0868056
0,0.1125284,0.0412333,0,0,1,0.1063452
0,0.1125847,0.04114687,0,0,1,0.1248543
0,0.1126508,0.04103732,0,0,1,0.1451832
0,0.1127185,0.04091722,0,0,1,0.1643658
0,0.1129384,0.03899926,0,0,1,0.1836981
0,0.113185,0.03688163,0,0,1,0.2032416
0,0.1132768,0.03668344,0,0,1,0.2236929
0,0.1133734,0.03645897,0,0,1,0.2437317
0,0.1134754,0.03271979,0,0,1,0.2637231
0,0.1135803,0.02889204,0,0,1,0.283284
0,0.1136901,0.02856481,0,0,1,0.3028473
0,0.113799,0.02639991,0,0,1,0.3214236
0,0.1139636,0.01588053,0,0,1,0.2974923
0,0.1141619,0.01240349,0,0,1,0.2734629
0,0.1145226,0.004774809,0,0,1,0.2532771
0,0.115218,0.003588319,0,0,1,0.2335227
0,0.1159571,0.002444446,0,0,1,0.2144211
0,0.1167042,0.001585841,0,0,1,0.1961829
0,0.1175027,0.001005411,0,0,1,0.1776765
0,0.118505,0.0003202558,0,0,1,0.155751
0,0.1278588,0,0,0,1,0.1368348
0,0.1281973,0,0,0,1,0.1171908
0,0.1338077,0,0,0,1,0.0968223
0,0.1426617,0,0,0,1,0.0774927
0,0.1469876,0,0,0,1,0.0565908
0,0.1474406,0,0,0,1,0.0352155
0,0.1479666,0,0,0,1,0.0114507
0,0.170157,0.03605181,0,0,1,0.0228507
0,0.1706374,0.03806853,0,0,1,0.0455478
0,0.1710441,0.03986239,0,0,1,0.0651888
0,0.1714351,0.04169363,0,0,1,0.0844698
0,0.1718063,0.04360127,0,0,1,0.1031034
0,0.1710477,0.04559499,0,0,1,0.1221615
0,0.1699446,0.04761279,0,0,1,0.1410699
0,0.1688703,0.04970354,0,0,1,0.1603056
0,0.1687286,0.05193746,0,0,1,0.1803765
0,0.1691396,0.05524385,0,0,1,0.2028357
0,0.1694933,0.05835009,0,0,1,0.2223291
0,0.169857,0.06164062,0,0,1,0.2426736
0,0.170248,0.06530493,0,0,1,0.2649912
0,0.169769,0.06444925,0,0,1,0.2865105
0,0.1687979,0.06490034,0,0,1,0.3057726
0,0.1679404,0.06699282,0,0,1,0.3238674
0,0.1670963,0.06920046,0,0,1,0.3429009
0,0.166284,0.06830329,0,0,1,0.3626283
0,0.1655755,0.0672074,0,0,1,0.3812046
0,0.1649078,0.06770372,0,0,1,0.4001643
0,0.1642917,0.06862098,0,0,1,0.419247
0,0.1638674,0.06721008,0,0,1,0.4393326
0,0.1642427,0.06553626,0,0,1,0.4159833
0,0.1647369,0.06578916,0,0,1,0.3893619
0,0.1652001,0.0641619,0,0,1,0.3673992
0,0.1656473,0.06271958,0,0,1,0.3481905
0,0.1646257,0.06177628,0,0,1,0.3274452
0,0.1633593,0.06174028,0,0,1,0.3086646
0,0.1620346,0.0618521,0,0,1,0.2897301
0,0.1605913,0.0619368,0,0,1,0.2698656
0,0.1591399,0.06198967,0,0,1,0.2505618
0,0.1576571,0.06193984,0,0,1,0.2314839
0,0.1558081,0.06267309,0,0,1,0.2086374
0,0.1551383,0.06546575,0,0,1,0.1878543
0,0.15478,0.06807023,0,0,1,0.1678044
0,0.1543464,0.07081342,0,0,1,0.1459149
0,0.1540348,0.07071739,0,0,1,0.126435
0,0.1537094,0.06946564,0,0,1,0.09565024
0,0.1534407,0.07102221,0,0,1,0.07008664
0,0.1531533,0.07259047,0,0,1,0.04309894
0,0.152823,0.07227236,0,0,1,0.01654714
0,0.1452846,0.06209254,0,0,1,0.0250023
0,0.14602,0.062805,0,0,1,0.0502488
0,0.1463476,0.06752717,0,0,1,0.071346
0,0.1474923,0.0726921,0,0,1,0.0937536
0,0.1484773,0.07737112,0,0,1,0.1135743
0,0.149446,0.08222032,0,0,1,0.1336491
0,0.1503393,0.08173597,0,0,1,0.1526652
0,0.1512483,0.08012688,0,0,1,0.1725861
0,0.1521315,0.0784564,0,0,1,0.192522
0,0.1522031,0.07964849,0,0,1,0.2119683
0,0.1525747,0.08088773,0,0,1,0.2310663
0,0.1534296,0.07896376,0,0,1,0.251661
0,0.1542513,0.07697195,0,0,1,0.2721504
0,0.1549983,0.07502961,0,0,1,0.2913762
0,0.1557138,0.07387662,0,0,1,0.310425
0,0.1564522,0.07163614,0,0,1,0.3309372
0,0.1571106,0.06948173,0,0,1,0.3498894
0,0.1577716,0.06708425,0,0,1,0.3697989
0,0.1584143,0.0643028,0,0,1,0.3901122
0,0.1588785,0.06184077,0,0,1,0.4092528
0,0.1589197,0.05924499,0,0,1,0.4286268
0,0.1589673,0.05570328,0,0,1,0.4488342
0,0.1590214,0.05264425,0,0,1,0.4697568
0,0.1592494,0.04941076,0,0,1,0.4908807
0,0.159672,0.04536319,0,0,1,0.5112195
0,0.1600478,0.04199338,0,0,1,0.5313426
0,0.1605348,0.03828323,0,0,1,0.5093436
0,0.1611528,0.03362793,0,0,1,0.4855875
0,0.1617655,0.03011513,0,0,1,0.4650213
0,0.1624352,0.02668196,0,0,1,0.4449777
0,0.1632786,0.02242273,0.003437519,0,1,0.4224246
0,0.1641021,0.01900464,0.008094251,0,1,0.4024668
0,0.16516,0.01504534,0.01333916,0,1,0.3792198
0,0.1664424,0.01064581,0.01887941,0,1,0.3537501
0,0.1675614,0.007195115,0.02320939,0,1,0.3332727
0,0.1677802,0.004221261,0.02687043,0,1,0.3155271
0,0.168045,0.001074433,0.03094733,0,1,0.2951292
0,0.1683181,0,0.03460991,0,1,0.2760798
0,0.1695681,0,0.03840262,0,1,0.2557179
0,0.1710102,0,0.04191852,0,1,0.2362518
0,0.1725464,0,0.04537505,0,1,0.2165796
0,0.174409,0,0.04927933,0,1,0.1940028
0,0.176424,0,0.0531382,0,1,0.1708872
0,0.1774665,0,0.05655152,0,1,0.1497723
0,0.1776358,0,0.0596565,0,1,0.1299552
0,0.1778591,0,0.06324887,0,1,0.1061136
0,0.1792268,0,0.06620294,0,1,0.08582906
0,0.1814139,0,0.06906313,0,1,0.06549416
0,0.1836888,0,0.07174456,0,1,0.04506566
0,0.1855191,0,0.0739547,0,1,0.02690516
0,0.1851942,0,0.07636636,0,1,0.007160366
0,0.2777472,0,0,0,1,0.0243987
0,0.2805839,0,0,0,1,0.0497307
0,0.2820647,0,0,0,1,0.0686406
0,0.2839216,0,0,0,1,0.0885924
0,0.2859462,0,0,0,1,0.1080288
0,0.2881371,0,0.0009655952,0,1,0.129648
0,0.2900949,0,0.004140019,0,1,0.1494351
0,0.2924688,0,0.008295894,0,1,0.1742208
0,0.2942609,0,0.01229495,0,1,0.1971375
0,0.2951343,0,0.01590991,0,1,0.2171832
0,0.2969808,0,0.0198012,0,1,0.2380734
0,0.2986599,0,0.02316475,0,1,0.2575551
0,0.3003412,0,0.026667,0,1,0.2775852
0,0.3020025,0,0.03040284,0,1,0.2979351
0,0.3035508,0,0.03413558,0,1,0.3174015
0,0.3051119,0,0.03817838,0,1,0.3376176
0,0.3066039,0,0.04231393,0,1,0.3575058
0,0.3075035,0,0.04709047,0,1,0.3795735
0,0.308166,0,0.05122304,0,1,0.3980634
0,0.3093593,0,0.05593812,0,1,0.4184901
0,0.3107401,0,0.06096721,0,1,0.4395966
0,0.3124576,0,0.06649798,0,1,0.4153203
0,0.3145353,0,0.07245183,0,1,0.3882657
0,0.3160931,0,0.07667702,0,1,0.3692109
0,0.3178633,0,0.08113319,0,1,0.3487356
0,0.3198035,0,0.08566469,0,1,0.3275202
0,0.3214347,0,0.0895769,0,1,0.3089127
0,0.3229063,0,0.09339499,0,1,0.2904645
0,0.3247353,0,0.09734654,0,1,0.2710491
0,0.3268733,0,0.1012601,0,1,0.2515056
0,0.3290356,0,0.105002,0,1,0.2325195
0,0.3315116,0,0.109042,0,1,0.2116554
0,0.3339498,0,0.1128112,0,1,0.1918722
0,0.3363975,0,0.1164067,0,1,0.1726977
0,0.3387744,0,0.1199266,0,1,0.1536246
0,0.3411394,0,0.1232373,0,1,0.1354134
0,0.3438842,0,0.1265025,0,1,0.1158426
0,0.3468601,0,0.1297861,0,1,0.09526858
0,0.3498758,0,0.1330488,0,1,0.07501347
0,0.3529088,0,0.1365335,0,1,0.05518317
0,0.3559012,0,0.1400533,0,1,0.03482337
0,0.3589494,0,0.1434196,0,1,0.01504377
0,0.3553835,0,0,0,1,0.0290505
0,0.3534374,0,0,0,1,0.0579162
0,0.3521431,0,0,0,1,0.0776919
0,0.352147,0,0,0,1,0.0968616
0,0.3532386,0,0,0,1,0.1161855
0,0.3542829,0,0,0,1,0.1359144
0,0.3544323,0,0,0,1,0.1551792
0,0.356176,0,0,0,1,0.1765752
0,0.3588726,0,0,0,1,0.1989642
0,0.3613058,0,0,0,1,0.2196186
0,0.3636459,0,0,0,1,0.2399421
0,0.3657988,0,0,0,1,0.259032
0,0.3679068,0,0,0,1,0.2781165
0,0.3690442,0,0,0,1,0.2963787
0,0.3700726,0.004000902,0,0,1,0.3151395
0,0.3714668,0.009487391,0,0,1,0.3341193
0,0.3736509,0.01501447,0,0,1,0.3530883
0,0.3761618,0.02302396,0,0,1,0.3755613
0,0.3782144,0.03003156,0,0,1,0.3943251
0,0.3804207,0.03783607,0,0,1,0.4150638
0,0.3825525,0.0441826,0,0,1,0.4356582
0,0.384629,0.04987979,0,0,1,0.456297
0,0.3862727,0.05501646,0,0,1,0.4755423
0,0.3878166,0.05986929,0,0,1,0.4949247
0,0.3894686,0.06251556,0,0,1,0.5163906
0,0.3912765,0.06477928,0,0,1,0.5362458
0,0.3931441,0.06688601,0.004274189,0,1,0.5566565
0,0.3949106,0.06703496,0.0120855,0,1,0.5766467
0,0.396634,0.0670867,0.02023774,0,1,0.5968989
0,0.3982765,0.06656665,0.02853805,0,1,0.6169851
0,0.399952,0.06473923,0.03764158,0,1,0.6384597
0,0.4015343,0.06270707,0.04686236,0,1,0.6597339
0,0.4030615,0.06117254,0.0565055,0,1,0.6814278
0,0.4044693,0.05869818,0.06812853,0,1,0.7025397
0,0.4056568,0.05612206,0.07856321,0,1,0.7213026
0,0.406789,0.05421042,0.08993703,0,1,0.7410147
0,0.4077893,0.04868484,0.1010586,0,1,0.7601202
0,0.4087258,0.04487956,0.1123636,0,1,0.7794455
0,0.4096291,0.04077059,0.1393292,0,1,0.7999196
0,0.410845,0.03664666,0.1509986,0,1,0.7764056
0,0.4124644,0.03205782,0.1626366,0,1,0.7510721
0,0.4139897,0.02991605,0.1714506,0,1,0.7306223
0,0.415586,0.02797854,0.1827748,0,1,0.7113152
0,0.4176856,0.02558488,0.195623,0,1,0.68846
0,0.419583,0.02365816,0.2051466,0,1,0.6696041
0,0.4216373,0.02167016,0.2137209,0,1,0.6507553
0,0.4240629,0.02084213,0.2213088,0,1,0.6302227
0,0.4264775,0.01940709,0.2273605,0,1,0.6112522
0,0.4294787,0.01640213,0.2337515,0,1,0.5893787
0,0.4325007,0.01377535,0.2393387,0,1,0.5685152
0,0.4351113,0.0121451,0.2442531,0,1,0.5485409
0,0.4377825,0.01034302,0.2489296,0,1,0.5277293
0,0.4403145,0.008259714,0.253246,0,1,0.506588
0,0.4428661,0.006233394,0.2569809,0,1,0.4864415
0,0.4456136,0.003596485,0.2604243,0,1,0.4658822
0,0.4485198,0.0004521012,0.2635144,0,1,0.4452341
0,0.4514578,0,0.2652171,0,1,0.4253495
0,0.4545749,0,0.2664991,0,1,0.4051955
0,0.4569873,0,0.2673413,0,1,0.3856322
0,0.458877,0,0.2677971,0,1,0.3666113
0,0.4608529,0,0.2678965,0,1,0.3475058
0,0.4628206,0,0.2676667,0,1,0.3291821
0,0.465356,0,0.2693979,0,1,0.3106952
0,0.4692418,0,0.2714076,0,1,0.2887967
0,0.4730424,0,0.2730917,0,1,0.2681435
0,0.476566,0,0.2744708,0,1,0.2490869
0,0.4766979,0,0.2756715,0,1,0.2300555
0,0.4768488,0,0.2650463,0,1,0.210782
0,0.47702,0,0.2655413,0,1,0.1908827
0,0.4772025,0,0.2658238,0,1,0.1716002
0,0.478202,0,0.2658922,0,1,0.1502945
0,0.480192,0,0.2657093,0,1,0.1284965
0,0.4819925,0,0.2653593,0,1,0.1092758
0,0.4839708,0,0.2649645,0,1,0.08866881
0,0.4851398,0,0.2643589,0,1,0.06822291
0,0.4857994,0,0.2649074,0,1,0.04661811
0,0.4864448,0,0.2655177,0,1,0.02604381
0,0.4870526,0,0.2659406,0,1,0.007049609
0,0.4747475,0,0.1266033,0,1,0.0235662
0,0.4743124,0,0.126075,0,1,0.0499089
0,0.4739787,0,0.1259321,0,1,0.0707316
0,0.4736692,0,0.1241099,0,1,0.09089191
0,0.4734809,0,0.1076698,0,1,0.1110036
0,0.4737649,0,0.09707713,0,1,0.1314489
0,0.4740438,0,0.09729338,0,1,0.1512087
0,0.4743667,0,0.09915107,0,1,0.1739724
0,0.4746861,0,0.1012279,0,1,0.1960053
0,0.4749982,0,0.1034624,0,1,0.2170311
0,0.4752702,0,0.1055483,0,1,0.2349456
0,0.4755875,0,0.1081902,0,1,0.2556162
0,0.4758866,0,0.1107903,0,1,0.274428
0,0.4761987,0,0.1136516,0,1,0.2936979
0,0.4765208,0,0.116739,0,1,0.313152
0,0.4768468,0,0.1199873,0,1,0.3324027
0,0.4771966,0,0.1235977,0,1,0.3525993
0,0.4773321,0,0.1276035,0,1,0.3737691
0,0.4774652,0,0.1316228,0,1,0.3939837
0,0.4776035,0,0.1355767,0,1,0.4130271
0,0.4777614,0,0.1398773,0,1,0.4328835
0,0.4779348,0,0.1443654,0,1,0.4528185
0,0.4781249,0,0.1491256,0,1,0.4731834
0,0.4783224,0,0.1538593,0,1,0.4927872
0,0.4785202,0,0.1584612,0,1,0.5112966
0,0.478733,0,0.163292,0,1,0.5301927
0,0.4789576,0,0.1682572,0,1,0.5491263
0,0.4791968,0,0.173459,0,1,0.5684772
0,0.4794453,0,0.1787706,0,1,0.5877945
0,0.4796931,0,0.1839927,0,1,0.6064035
0,0.4801334,0,0.1903667,0,1,0.5826342
0,0.4803028,0,0.1963694,0,1,0.5592468
0,0.4799587,0,0.2018585,0,1,0.5369595
0,0.480057,0,0.2066482,0,1,0.5167761
0,0.4805133,0,0.2109048,0,1,0.4982166
0,0.4810529,0,0.2154095,0,1,0.4778214
0,0.4816536,0,0.2198773,0,1,0.4567917
0,0.4822987,0,0.224166,0,1,0.4358067
0,0.4829407,0,0.2280234,0,1,0.416238
0,0.4836214,0,0.2317322,0,1,0.3967335
0,0.4843705,0,0.2354476,0,1,0.3764265
0,0.4852552,0,0.2394143,0,1,0.3537798
0,0.4861012,0,0.2428558,0,1,0.3333639
0,0.4869057,0,0.2459006,0,1,0.3146295
0,0.4877018,0,0.2488665,0,1,0.2956803
0,0.4884856,0,0.2516572,0,1,0.2771871
0,0.489318,0,0.2482195,0,1,0.2583369
0,0.4902884,0,0.2419507,0,1,0.2372211
0,0.4914517,0,0.2355837,0,1,0.2130333
0,0.4924395,0,0.2364549,0,1,0.1932939
0,0.4934705,0,0.2366936,0,1,0.1733811
0,0.4944665,0,0.2360744,0,1,0.1547373
0,0.4956163,0,0.2352682,0,1,0.1338639
0,0.4963412,0,0.2379402,0,1,0.1125936
0,0.4969147,0,0.2404286,0,1,0.09196591
0,0.4982569,0,0.2428204,0,1,0.07123531
0,0.4998596,0,0.2449484,0,1,0.05200921
0,0.5017073,0,0.2472305,0,1,0.03031741
0,0.5033643,0,0.2491467,0,1,0.01122751
0,0.4876605,0,0,0,1,0.0240273
0,0.4897926,0,0,0,1,0.0494526
0,0.4900339,0,0,0,1,0.071247
0,0.4863399,0,0,0,1,0.0920493
0,0.484969,0,0,0,1,0.1112235
0,0.4856786,0,0,0,1,0.1311087
0,0.4863496,0,0,0,1,0.1500831
0,0.4870775,0,0,0,1,0.1707972
0,0.4877952,0,0,0,1,0.1913733
0,0.4884977,0,0,0,1,0.2115417
0,0.4869362,0,0,0,1,0.2326974
0,0.4847826,0,0,0,1,0.2530278
0,0.4827017,0,0,0,1,0.2733585
0,0.4806868,0,0,0,1,0.293742
0,0.4786601,0,0,0,1,0.3150276
0,0.4767513,0,0,0,1,0.335913
0,0.4750618,0,0,0,1,0.3550986
0,0.4744732,0,0,0,1,0.3748362
0,0.4749699,0,0,0,1,0.3962781
0,0.4758612,0,0,0,1,0.4154112
0,0.476777,0,0,0,1,0.4352688
0,0.477639,0,0,0,1,0.4540851
0,0.4785263,0,0,0,1,0.4735995
0,0.4794276,0,0,0,1,0.4935861
0,0.4803189,0,0,0,1,0.5135061
0,0.4811546,0,0,0,1,0.53235
0,0.4820406,0,0,0,1,0.5525601
0,0.4828506,0,0,0,1,0.5711292
0,0.4836448,0,0,0,1,0.589536
0,0.484472,0,0,0,1,0.6089463
0,0.4853616,0,0,0,1,0.6302376
0,0.4858453,0,0,0,1,0.6497476
0,0.4845903,0,0,0,1,0.6719347
0,0.4835597,0,0.005786359,0,1,0.6915495
0,0.482532,0,0.0143255,0,1,0.7126216
0,0.4816678,0,0.02216566,0,1,0.7317511
0,0.4808991,0,0.03113401,0,1,0.7501288
0,0.4801136,0,0.04326814,0,1,0.7705162
0,0.4794289,0,0.05486304,0,1,0.7898896
0,0.478811,0,0.06680244,0,1,0.8091244
0,0.478246,0,0.07875353,0,1,0.8283709
0,0.477635,0,0.09314954,0,1,0.8515393
0,0.4771399,0,0.1055698,0,1,0.8729707
0,0.4767076,0,0.1194946,0,1,0.8941933
0,0.4763513,0,0.1325626,0,1,0.9142636
0,0.4760518,0,0.1451448,0,1,0.9337366
0,0.4757947,0,0.1571149,0,1,0.953314
0,0.475576,0,0.1696707,0,1,0.972772
0,0.4754018,0,0.1826617,0,1,0.9914836
0,0.4752218,0,0.1968847,0,1,1
0,0.4751653,0,0.2091033,0,1,1
0,0.4752483,0,0.2216157,0,1,1
0,0.4753395,0,0.2348568,0,1,1
0,0.4754399,0,0.2544199,0,1,1
0,0.4755448,0,0.2656848,0,1,1
0,0.4756562,0,0.2772449,0,1,1
0,0.475778,0,0.2886837,0,1,1
0,0.475912,0,0.3002898,0,1,1
0,0.4760573,0,0.3111414,0,1,1
0,0.4762053,0,0.3203017,0,1,1
0,0.4763511,0,0.3280406,0,1,1
0,0.4765222,0,0.3364488,0,1,1
0,0.4766877,0,0.3437965,0,1,1
0,0.4768688,0,0.3513943,0,1,1
0,0.4770572,0,0.3589576,0,1,1
0,0.4772356,0,0.3668535,0,1,0.9772126
0,0.4774725,0,0.3744494,0,1,0.9543721
0,0.4777511,0,0.3812698,0,1,0.933079
0,0.4780487,0,0.3871111,0,1,0.9142552
0,0.4784315,0,0.3933213,0,1,0.8935513
0,0.4788478,0,0.3991722,0,1,0.8740603
0,0.4793619,0,0.4053085,0,1,0.8529565
0,0.4798744,0,0.410548,0,1,0.8343415
0,0.4804869,0,0.4159417,0,1,0.8143588
0,0.481142,0,0.4208658,0,1,0.7950616
0,0.4826944,0,0.425845,0,1,0.7750804
0,0.4852114,0,0.4308509,0,1,0.7545073
0,0.4878261,0,0.4355339,0,1,0.7348366
0,0.4907229,0,0.4402264,0,1,0.7146934
0,0.4941375,0,0.4452156,0,1,0.6927808
0,0.4972764,0,0.4494148,0,1,0.6739978
0,0.5009815,0,0.4539487,0,1,0.6532999
0,0.5046019,0,0.4579764,0,1,0.6343174
0,0.5085235,0,0.4622697,0,1,0.6129595
0,0.5089508,0,0.4661167,0,1,0.5933377
0,0.5093997,0,0.4697323,0,1,0.5744359
0,0.5098863,0,0.4732884,0,1,0.5555203
0,0.5104791,0,0.4773747,0,1,0.5341438
0,0.5111127,0,0.4813272,0,1,0.5130604
0,0.5117695,0,0.4850673,0,1,0.4927366
0,0.5137053,0,0.4893204,0,1,0.4690885
0,0.5168316,0,0.493079,0,1,0.447829
0,0.5199617,0,0.4966204,0,1,0.4274335
0,0.5219707,0,0.4999115,0,1,0.4081825
0,0.5230815,0,0.5030478,0,1,0.389542
0,0.5242015,0,0.5060374,0,1,0.3715147
0,0.5254747,0,0.5092508,0,1,0.3518119
0,0.5268571,0,0.512545,0,1,0.331273
0,0.5281605,0,0.5154916,0,1,0.3126277
0,0.5296295,0,0.5185487,0,1,0.2923522
0,0.5316098,0,0.5211412,0,1,0.2729755
0,0.534506,0,0.5239643,0,1,0.2508349
0,0.5369402,0,0.5257195,0,1,0.2325454
0,0.539692,0,0.5275697,0,1,0.2124001
0,0.5457241,0,0.5293873,0,1,0.1917352
0,0.5531894,0,0.5310501,0,1,0.1719685
0,0.5610757,0,0.5326841,0,1,0.151612
0,0.5641651,0,0.5342103,0,1,0.1316134
0,0.5654845,0,0.5359298,0,1,0.1136737
0,0.5669509,0,0.5364271,0,1,0.09416385
0,0.5704541,0,0.5354468,0,1,0.07384575
0,0.5744251,0,0.5361528,0,1,0.05430315
0,0.5786719,0,0.5375971,0,1,0.03375675
0,0.5806401,0,0.5389066,0,1,0.01411155
0,0.597581,0,0.5495601,0,1,-0.0238251
0,0.6005789,0,0.5524976,0,1,-0.0492954
0,0.603116,0,0.5541847,0,1,-0.0699456
0,0.6058288,0,0.555827,0,1,-0.09095159
0,0.608479,0,0.557323,0,1,-0.1109937
0,0.6113476,0,0.5588474,0,1,-0.1324776
0,0.6140412,0,0.5601941,0,1,-0.152535
0,0.6168544,0,0.5622965,0,1,-0.1733919
0,0.6191676,0,0.5639577,0,1,-0.1955553
0,0.6214076,0,0.5654868,0,1,-0.2170734
0,0.6233697,0,0.5667565,0,1,-0.2359665
0,0.6256188,0,0.568123,0,1,-0.2575755
0,0.6274986,0,0.5692022,0,1,-0.2757144
0,0.6293613,0,0.570523,0,1,-0.294048
0,0.6313136,0,0.5717158,0,1,-0.3133149
0,0.6332418,0,0.5745651,0,1,-0.3324453
0,0.635316,0,0.5781696,0,1,-0.3531723
0,0.637272,0,0.5815573,0,1,-0.3729006
0,0.6400746,0,0.5852116,0,1,-0.3944991
0,0.6431268,0,0.5866389,0,1,-0.4142079
0,0.6461574,0,0.5873297,0,1,-0.4339341
0,0.6492566,0,0.5896009,0,1,-0.4542597
0,0.6512678,0,0.5916957,0,1,-0.4736097
0,0.6537024,0,0.5938826,0,1,-0.4945692
0,0.6561256,0,0.5950141,0,1,-0.5156967
0,0.6583918,0,0.5944955,0,1,-0.5358141
0,0.6603527,0,0.5943384,0,1,-0.5566875
0,0.6611583,0,0.5947716,0,1,-0.5766681
0,0.6613221,0,0.5950655,0,1,-0.5973985
0,0.6614237,0,0.5938704,0,1,-0.618691
0,0.661742,0,0.592472,0,1,-0.6402919
0,0.6600435,0,0.5911204,0,1,-0.6615541
0,0.658744,0,0.5895631,0,1,-0.6820183
0,0.6588886,0,0.5876256,0,1,-0.7025743
0,0.6593723,0,0.5855678,0,1,-0.7233099
0,0.6595387,0,0.5836611,0,1,-0.7426866
0,0.6596341,0,0.5810896,0,1,-0.7639956
0,0.6596323,0,0.5781592,0,1,-0.7849609
0,0.6606151,0,0.5762926,0,1,-0.8050981
0,0.6611286,0,0.573736,0,1,-0.8275329
0,0.6614892,0,0.5700485,0,1,-0.847891
0,0.6617466,0,0.5669907,0,1,-0.868036
0,0.6627281,0,0.5641962,0,1,-0.8899834
0,0.6632363,0,0.5592485,0,1,-0.867354
0,0.6636592,0,0.554662,0,1,-0.8416623
0,0.6640848,0,0.5506735,0,1,-0.8197194
0,0.6646985,0,0.5450407,0,1,-0.7961169
0,0.6685028,0,0.5405595,0,1,-0.7744069
0,0.671904,0,0.535811,0,1,-0.7541701
0,0.6736399,0,0.5307356,0,1,-0.7343227
0,0.6738652,0,0.5255335,0,1,-0.7115182
0,0.6757096,0,0.5198691,0,1,-0.6895276
0,0.6773265,0,0.5143448,0,1,-0.6690153
0,0.6778632,0,0.5095189,0,1,-0.6478854
0,0.6768868,0,0.5036945,0,1,-0.6267715
0,0.6764175,0,0.4982398,0,1,-0.6072475
0,0.6764116,0,0.4929724,0,1,-0.5873137
0,0.6762695,0,0.4873863,0,1,-0.5676324
0,0.6749961,0,0.4810316,0,1,-0.5453103
0,0.6736127,0,0.4729701,0,1,-0.522087
0,0.672357,0,0.4663604,0,1,-0.4990812
0,0.6712569,0,0.4587084,0,1,-0.4797408
0,0.6699063,0,0.4514857,0,1,-0.4593384
0,0.6686575,0,0.4461855,0,1,-0.4409847
0,0.6674585,0,0.4372925,0,1,-0.4225869
0,0.6663756,0,0.4313128,0,1,-0.4046826
0,0.6651494,0,0.4257128,0,1,-0.3850074
0,0.6636537,0,0.4166276,0,1,-0.3645831
0,0.6621009,0,0.4105088,0,1,-0.3437007
0,0.6610297,0,0.4050072,0,1,-0.3242805
0,0.6603044,0,0.3988751,0,1,-0.3043122
0,0.6593109,0,0.3932418,0,1,-0.2835117
0,0.6576902,0,0.3878334,0,1,-0.2625504
0,0.6560271,0,0.3825262,0,1,-0.2411949
0,0.6548996,0,0.3778511,0,1,-0.2220624
0,0.6542879,0,0.3731997,0,1,-0.2025114
0,0.6534996,0,0.3693964,0,1,-0.183183
0,0.6520624,0,0.3661099,0,1,-0.1648746
0,0.6504828,0,0.3619121,0,1,-0.144729
0,0.6488373,0,0.3576325,0,1,-0.1236558
0,0.6479453,0,0.3543298,0,1,-0.1039626
0,0.6472422,0,0.3513053,0,1,-0.08453313
0,0.6460067,0,0.3480541,0,1,-0.06577323
0,0.6445096,0,0.3448648,0,1,-0.04611543
0,0.6430447,0,0.3422363,0,1,-0.02672493
0,0.641399,0,0.3397553,0,1,-0.004645526
